Linux 4.4.0-112-generic (virtual) 	12/03/18 	_x86_64_	(2 CPU)

12:54:29        CPU     %user     %nice   %system   %iowait    %steal     %idle
12:54:31        all      5,01      0,00      0,75      0,00      0,00     94,24
12:54:33        all      5,00      0,00      1,00      0,00      0,00     94,00
12:54:35        all      4,51      0,00      1,00      0,00      0,00     94,49
12:54:37        all      7,50      0,00      5,25      0,00      0,00     87,25
12:54:39        all      5,26      0,00      1,00      0,00      0,00     93,73
12:54:41        all      4,75      0,00      1,00      0,00      0,00     94,25
12:54:43        all      4,76      0,00      0,75      0,00      0,00     94,49
12:54:45        all      5,01      0,00      0,50      0,00      0,00     94,49
12:54:47        all      0,75      0,00      0,25      0,25      0,00     98,75
12:54:49        all      4,00      0,00      1,00      0,00      0,00     95,00
12:54:51        all      5,26      0,00      0,25      0,00      0,00     94,49
12:54:53        all      5,00      0,00      1,00      0,00      0,00     94,00
12:54:55        all      4,77      0,00      0,75      0,00      0,00     94,47
12:54:57        all      7,90      0,00      5,93      0,00      0,00     86,17
12:54:59        all      5,28      0,00      0,50      0,00      0,00     94,22
12:55:01        all      4,50      0,00      1,50      0,00      0,00     94,00
12:55:03        all      4,50      0,00      1,00      0,00      0,25     94,25
12:55:05        all      5,01      0,00      0,50      0,25      0,00     94,24
12:55:07        all      0,25      0,00      0,00      0,00      0,00     99,75
12:55:09        all      4,24      0,00      1,25      0,00      0,00     94,51
12:55:11        all      4,51      0,00      1,25      0,00      0,00     94,24
12:55:13        all      4,76      0,00      0,75      0,00      0,00     94,49
12:55:15        all      5,26      0,00      0,75      0,00      0,00     93,98
12:55:17        all     10,05      0,00     10,05      0,00      0,00     79,90
12:55:19        all     12,31      0,00     15,58      0,00      0,00     72,11
12:55:21        all      4,76      0,00      0,75      0,00      0,00     94,49
12:55:23        all      5,76      0,00      0,25      0,00      0,00     93,98
12:55:25        all      4,76      0,00      0,50      0,00      0,00     94,74
12:55:27        all      0,25      0,00      0,00      0,00      0,00     99,75
12:55:29        all      3,76      0,00      2,01      0,00      0,00     94,24
12:55:31        all      4,51      0,00      1,00      0,00      0,00     94,49
12:55:33        all      4,52      0,00      0,75      0,00      0,00     94,72
12:55:35        all      4,50      0,00      1,00      0,00      0,00     94,50
12:55:37        all      5,03      0,00      0,75      0,00      0,00     94,22
12:55:39        all     18,69      0,00     25,51      0,00      0,25     55,56
12:55:41        all      5,78      0,00      2,51      0,00      0,00     91,71
12:55:43        all      3,26      0,00      0,75      0,00      0,00     95,99
12:55:45        all      1,25      0,00      0,25      0,00      0,00     98,50
12:55:47        all      4,49      0,00      1,25      0,25      0,00     94,01
12:55:49        all      5,26      0,00      0,50      0,00      0,00     94,24
12:55:51        all      5,76      0,00      1,00      0,00      0,00     93,23
12:55:53        all      5,00      0,00      1,25      0,00      0,00     93,75
12:55:55        all      5,25      0,00      1,00      0,00      0,00     93,75
12:55:57        all      4,77      0,00      1,01      0,00      0,00     94,22
12:55:59        all      4,75      0,00      1,75      0,00      0,00     93,50
12:56:01        all     18,75      0,00     29,75      0,00      0,25     51,25
12:56:03        all     12,34      0,00     18,64      0,00      0,00     69,02
12:56:05        all      5,26      0,00      0,75      0,00      0,00     93,98
12:56:07        all      5,25      0,00      0,75      0,00      0,00     94,00
12:56:09        all      5,00      0,00      0,75      0,00      0,00     94,25
12:56:11        all      4,51      0,00      1,25      0,00      0,00     94,24
12:56:13        all      5,28      0,00      0,75      0,00      0,00     93,97
12:56:15        all      4,99      0,00      1,25      0,00      0,00     93,77
12:56:17        all      4,26      0,00      1,25      0,00      0,00     94,49
12:56:19        all      6,25      0,00      0,50      0,00      0,00     93,25
12:56:21        all      1,25      0,00      0,50      0,00      0,00     98,25
12:56:23        all     13,03      0,00     18,30      0,00      0,00     68,67
12:56:25        all     22,67      0,00     31,49      0,00      0,50     45,34
12:56:27        all      4,49      0,00      2,00      0,00      0,00     93,52
12:56:29        all      5,00      0,00      1,00      0,25      0,00     93,75
12:56:31        all      5,01      0,00      0,75      0,00      0,00     94,24
12:56:33        all      4,52      0,00      0,75      0,50      0,00     94,22
12:56:35        all      4,50      0,00      1,00      4,50      0,00     90,00
12:56:37        all      5,75      0,00      0,75      0,00      0,00     93,50
12:56:39        all      3,51      0,00      1,00      0,00      0,00     95,49
12:56:41        all      0,75      0,00      0,00      0,00      0,00     99,25
12:56:43        all      4,02      0,00      1,01      0,00      0,00     94,97
12:56:45        all      5,00      0,00      0,75      0,00      0,00     94,25
12:56:47        all     19,65      0,00     31,74      0,00      0,00     48,61
12:56:49        all     25,82      0,00     37,97      0,00      0,00     36,20
12:56:51        all     26,07      0,00     41,10      0,00      0,00     32,83
12:56:53        all     30,13      0,00     41,52      0,00      0,00     28,35
12:56:55        all     29,55      0,00     43,69      0,00      0,00     26,77
12:56:57        all     26,02      0,00     40,31      0,00      0,26     33,42
12:56:59        all     12,44      0,00     13,93      0,00      0,00     73,63
12:57:01        all      4,51      0,00      1,00      0,25      0,00     94,24
12:57:03        all      4,49      0,00      1,50      0,00      0,00     94,01
12:57:05        all      4,77      0,00      1,01      0,00      0,00     94,22
12:57:07        all      5,25      0,00      1,00      0,00      0,00     93,75
12:57:09        all      5,28      0,00      0,50      0,00      0,00     94,22
12:57:11        all      5,75      0,00      0,75      0,00      0,00     93,50
12:57:13        all      5,51      0,00      1,50      0,00      0,00     92,98
12:57:15        all      0,25      0,00      0,50      0,00      0,00     99,25
12:57:17        all      5,25      0,00      1,00      0,00      0,00     93,75
12:57:19        all     22,06      0,00     25,56      0,00      0,00     52,38
12:57:21        all     29,15      0,00     41,71      0,00      0,25     28,89
12:57:23        all     27,87      0,00     40,34      0,00      0,00     31,78
12:57:25        all     31,79      0,00     44,87      0,26      0,00     23,08
12:57:27        all     31,39      0,00     41,52      0,00      0,00     27,09
12:57:29        all     21,32      0,00     43,65      0,00      0,25     34,77
12:57:31        all     19,00      0,00     24,25      0,00      0,00     56,75
12:57:33        all      4,49      0,00      2,00      0,00      0,00     93,52
12:57:35        all      5,01      0,00      1,50      0,00      0,00     93,48
12:57:37        all      5,03      0,00      1,51      0,00      0,00     93,47
12:57:39        all      4,74      0,00      1,50      0,25      0,00     93,52
12:57:41        all      5,51      0,00      1,50      0,00      0,00     92,98
12:57:43        all      4,76      0,00      1,50      0,00      0,00     93,73
12:57:45        all      4,50      0,00      1,50      0,00      0,00     94,00
12:57:47        all      1,50      0,00      0,75      0,00      0,00     97,76
12:57:49        all      3,76      0,00      0,50      0,00      0,00     95,74
12:57:51        all     13,16      0,00     18,73      0,00      0,00     68,10
12:57:53        all     30,86      0,00     45,68      0,00      0,00     23,46
12:57:55        all     28,91      0,00     43,49      0,00      0,26     27,34
12:57:57        all     29,90      0,00     42,71      0,00      0,00     27,39
12:57:59        all     31,99      0,00     39,29      0,00      0,00     28,72
12:58:01        all     30,87      0,00     41,07      0,26      0,00     27,81
12:58:03        all     12,47      0,00     19,95      0,00      0,00     67,58
12:58:05        all      4,99      0,00      1,25      0,00      0,00     93,77
12:58:07        all      4,76      0,00      1,00      0,00      0,00     94,24
12:58:09        all      4,51      0,00      1,25      0,00      0,00     94,24
12:58:11        all      5,01      0,00      1,50      0,00      0,00     93,48
12:58:13        all      5,03      0,00      0,75      0,00      0,00     94,22
12:58:15        all      4,75      0,00      1,25      0,00      0,00     94,00
12:58:17        all      4,52      0,00      1,26      0,00      0,00     94,22
12:58:19        all      5,01      0,00      1,00      0,25      0,00     93,73
12:58:21        all      3,51      0,00      1,50      0,00      0,00     94,99
12:58:23        all     12,47      0,00     20,36      0,00      0,25     66,92
12:58:25        all     29,31      0,00     41,13      1,03      0,00     28,53
12:58:27        all     30,46      0,00     41,37      0,00      0,00     28,17
12:58:29        all     27,49      0,00     42,41      0,00      0,00     30,10
12:58:31        all     27,14      0,00     43,47      0,00      0,00     29,40
12:58:33        all     28,79      0,00     42,16      0,00      0,00     29,05
12:58:35        all     30,28      0,00     39,69      0,00      0,25     29,77
12:58:37        all     23,91      0,00     42,42      0,00      0,00     33,68
12:58:39        all     28,72      0,00     42,57      0,00      0,00     28,72
12:58:41        all     28,83      0,00     43,12      0,00      0,00     28,05
12:58:43        all     29,34      0,00     40,31      0,00      0,00     30,36
12:58:45        all     27,97      0,00     42,33      0,25      0,00     29,46
12:58:47        all     17,91      0,00     22,89      0,00      0,00     59,20
12:58:49        all      5,00      0,00      1,25      7,75      0,00     86,00
12:58:51        all      4,77      0,00      1,01      0,25      0,00     93,97
12:58:53        all      4,50      0,00      1,50      0,00      0,00     94,00
12:58:55        all      1,51      0,00      0,50      0,00      0,00     97,99
12:58:57        all      3,51      0,00      0,75      0,00      0,00     95,74
12:58:59        all      5,26      0,00      0,50      0,00      0,25     93,98
12:59:01        all      4,75      0,00      1,50      0,00      0,00     93,75
12:59:03        all      5,24      0,00      1,25      0,00      0,00     93,52
12:59:05        all      5,01      0,00      1,25      0,00      0,00     93,73
12:59:07        all     14,25      0,00     18,00      0,00      0,00     67,75
12:59:09        all     27,88      0,00     41,18      0,00      0,00     30,95
12:59:11        all     25,80      0,00     41,03      0,00      0,00     33,17
12:59:13        all     26,46      0,00     42,75      0,00      0,00     30,79
12:59:15        all     28,83      0,00     41,82      0,00      0,26     29,09
12:59:17        all     28,09      0,00     44,59      0,26      0,26     26,80
12:59:19        all     28,61      0,00     46,08      0,00      0,00     25,32
12:59:21        all     29,62      0,00     40,51      0,00      0,25     29,62
12:59:23        all     30,33      0,00     43,11      0,00      0,00     26,57
12:59:25        all     24,81      0,00     44,19      0,00      0,00     31,01
12:59:27        all     28,61      0,00     40,21      0,00      0,00     31,19
12:59:29        all     30,77      0,00     41,03      0,00      0,00     28,21
12:59:31        all     18,16      0,00     24,38      0,00      0,00     57,46
12:59:33        all      4,49      0,00      1,50      0,25      0,00     93,77
12:59:35        all      4,51      0,00      1,75      0,00      0,00     93,73
12:59:37        all      4,74      0,00      1,50      0,00      0,00     93,77
12:59:39        all      5,01      0,00      1,00      0,00      0,00     93,98
12:59:41        all      4,00      0,00      1,75      0,00      0,00     94,25
12:59:43        all      0,75      0,00      0,50      0,00      0,00     98,75
12:59:45        all      4,76      0,00      1,00     20,05      0,00     74,19
12:59:47        all      5,01      0,00      1,00      0,00      0,00     93,98
12:59:49        all      5,01      0,00      1,50      0,00      0,00     93,48
12:59:51        all     17,13      0,00     15,87      0,00      0,25     66,75
12:59:53        all     27,68      0,00     43,14      0,00      0,25     28,93
12:59:55        all     31,30      0,00     45,29      0,00      0,00     23,41
12:59:57        all     25,07      0,00     44,39      0,00      0,00     30,55
12:59:59        all     26,12      0,00     40,80      0,00      0,00     33,08
13:00:01        all     28,17      0,00     42,38      0,00      0,00     29,46
13:00:03        all     29,35      0,00     45,02      0,00      0,00     25,62
13:00:05        all     29,70      0,00     43,15      0,00      0,00     27,16
13:00:07        all     30,33      0,00     40,60      0,00      0,25     28,82
13:00:09        all     28,83      0,00     40,82      0,00      0,00     30,36
13:00:11        all     27,89      0,00     41,96      0,00      0,00     30,15
13:00:13        all     23,66      0,00     41,48      0,00      0,00     34,86
13:00:15        all     15,95      0,00     22,53      2,28      0,00     59,24
13:00:17        all      4,75      0,00      1,25      0,75      0,00     93,25
13:00:19        all      5,76      0,00      1,00      0,00      0,00     93,23
13:00:21        all      4,79      0,00      1,01      0,00      0,00     94,21
13:00:23        all      5,24      0,00      1,00      0,00      0,00     93,77
13:00:25        all      4,52      0,00      1,26      0,00      0,00     94,22
13:00:27        all      5,01      0,00      1,00      0,00      0,00     93,98
13:00:29        all      5,51      0,00      1,00      0,00      0,00     93,48
13:00:31        all      2,00      0,00      1,50      0,00      0,00     96,50
13:00:33        all      2,51      0,00      0,75      0,00      0,00     96,73
13:00:35        all      7,83      0,00      5,30      0,00      0,00     86,87
13:00:37        all      4,75      0,00      1,50      0,25      0,00     93,50
13:00:39        all      4,51      0,00      1,25      0,00      0,00     94,24
13:00:41        all      4,76      0,00      1,00      0,00      0,00     94,24
13:00:43        all      4,76      0,00      1,25      0,00      0,25     93,73
13:00:45        all      5,50      0,00      1,25      0,00      0,00     93,25
13:00:47        all      4,25      0,00      1,50      0,00      0,00     94,25
13:00:49        all      4,76      0,00      1,50      0,00      0,00     93,73
13:00:51        all      1,75      0,00      0,50      0,00      0,00     97,74
13:00:53        all      2,76      0,00      0,75      0,00      0,00     96,49
13:00:55        all      8,29      0,00      6,03      0,00      0,00     85,68
13:00:57        all      5,01      0,00      1,00      0,00      0,00     93,98
13:00:59        all      5,50      0,00      0,75      0,00      0,00     93,75
13:01:01        all      5,26      0,00      1,00      0,00      0,00     93,73
13:01:03        all      4,52      0,00      1,01      0,00      0,00     94,47
13:01:05        all      4,76      0,00      1,00      0,00      0,00     94,24
13:01:07        all      5,01      0,00      1,00      0,25      0,00     93,73
13:01:09        all      5,25      0,00      1,00      0,00      0,00     93,75
13:01:11        all      2,01      0,00      0,25      0,00      0,00     97,74
13:01:13        all      3,26      0,00      1,25      0,00      0,00     95,49
13:01:15        all     10,72      0,00      9,98      0,00      0,00     79,30
13:01:17        all     14,29      0,00     17,29      0,00      0,00     68,42
13:01:19        all      4,51      0,00      1,25      0,00      0,00     94,24
13:01:21        all      5,76      0,00      1,00      0,00      0,00     93,23
13:01:23        all      5,76      0,00      1,50      0,00      0,00     92,73
13:01:25        all      5,50      0,00      1,75      0,00      0,00     92,75
13:01:27        all      4,75      0,00      1,25      0,00      0,00     94,00
13:01:29        all      3,26      0,00      1,00      0,00      0,00     95,74
13:01:31        all      1,50      0,00      1,00      0,00      0,00     97,51
13:01:33        all      5,00      0,00      1,25      0,00      0,00     93,75
13:01:35        all      4,50      0,00      1,50      0,00      0,00     94,00
13:01:37        all     20,77      0,00     22,31      0,00      0,00     56,92
13:01:39        all      5,25      0,00      2,25      0,00      0,00     92,50
13:01:41        all      5,50      0,00      1,25      0,25      0,00     93,00
13:01:43        all      4,74      0,00      1,50      0,00      0,00     93,77
13:01:45        all      5,03      0,00      1,26      0,00      0,00     93,72
13:01:47        all      4,75      0,00      1,50      0,00      0,00     93,75
13:01:49        all      2,75      0,00      0,75      0,00      0,00     96,50
13:01:51        all      2,00      0,00      0,75      0,00      0,00     97,25
13:01:53        all      5,01      0,00      0,75      0,00      0,00     94,24
13:01:55        all      4,52      0,00      1,26      0,00      0,00     94,22
13:01:57        all      4,51      0,00      1,25      0,00      0,00     94,24
13:01:59        all     23,87      0,00     37,69      0,00      0,25     38,19
13:02:01        all     11,34      0,00     12,09      0,00      0,00     76,57
13:02:03        all      4,51      0,00      1,50      0,00      0,00     93,98
13:02:05        all      4,51      0,00      1,00      0,25      0,00     94,24
13:02:07        all      5,50      0,00      1,25      0,00      0,00     93,25
13:02:09        all      2,01      0,00      0,75      0,00      0,00     97,24
13:02:11        all      3,00      0,00      1,25      0,00      0,00     95,75
13:02:13        all      4,51      0,00      1,50      0,00      0,00     93,98
13:02:15        all      5,53      0,00      1,51      0,00      0,00     92,96
13:02:17        all      5,50      0,00      1,00      0,00      0,00     93,50
13:02:19        all      5,24      0,00      0,75      0,00      0,25     93,77
13:02:21        all     20,26      0,00     27,69      0,00      0,00     52,05
13:02:23        all     14,36      0,00     18,21      0,00      0,26     67,18
13:02:25        all      5,24      0,00      1,50      0,00      0,00     93,27
13:02:27        all      4,26      0,00      0,75      0,00      0,00     94,99
13:02:29        all      1,00      0,00      0,50      0,00      0,00     98,50
13:02:31        all      4,75      0,00      1,50      0,75      0,00     93,00
13:02:33        all      4,77      0,00      1,26      0,00      0,00     93,97
13:02:35        all      4,77      0,00      1,01      0,00      0,00     94,22
13:02:37        all      5,01      0,00      1,00      0,00      0,00     93,98
13:02:39        all      5,78      0,00      1,01      0,00      0,00     93,22
13:02:41        all      4,26      0,00      1,50      0,00      0,00     94,24
13:02:43        all     11,89      0,00     14,99      0,00      0,00     73,13
13:02:45        all     26,50      0,00     35,75      0,00      0,00     37,75
13:02:47        all     22,61      0,00     39,70      0,00      0,25     37,44
13:02:49        all     24,87      0,00     41,88      0,25      0,00     32,99
13:02:51        all     28,71      0,00     42,08      0,00      0,00     29,21
13:02:53        all     31,65      0,00     39,75      0,00      0,00     28,61
13:02:55        all     20,61      0,00     24,43      0,00      0,25     54,71
13:02:57        all      4,74      0,00      1,50      0,00      0,00     93,77
13:02:59        all      5,03      0,00      1,01      0,00      0,00     93,97
13:03:01        all      4,50      0,00      1,50      0,00      0,00     94,00
13:03:03        all      4,52      0,00      1,51      0,00      0,00     93,97
13:03:05        all      2,74      0,00      1,25      0,00      0,00     96,01
13:03:07        all      1,76      0,00      0,50      0,00      0,00     97,74
13:03:09        all      5,00      0,00      1,00      0,00      0,00     94,00
13:03:11        all      5,00      0,00      1,25      0,00      0,00     93,75
13:03:13        all      4,51      0,00      1,25      0,00      0,25     93,98
13:03:15        all     13,75      0,00     14,25      0,00      0,00     72,00
13:03:17        all     30,00      0,00     41,22      0,00      0,00     28,78
13:03:19        all     28,57      0,00     41,30      0,00      0,00     30,13
13:03:21        all     25,89      0,00     37,82      0,25      0,00     36,04
13:03:23        all     27,62      0,00     41,94      0,00      0,00     30,43
13:03:25        all     21,50      0,00     44,00      0,00      0,25     34,25
13:03:27        all     26,80      0,00     34,49      0,00      0,25     38,46
13:03:29        all      4,76      0,00      1,25      0,00      0,00     93,98
13:03:31        all      4,51      0,00      1,50      0,00      0,00     93,98
13:03:33        all      5,00      0,00      1,00      0,00      0,00     94,00
13:03:35        all      5,26      0,00      0,50      0,00      0,00     94,24
13:03:37        all      5,25      0,00      1,25      0,00      0,00     93,50
13:03:39        all      5,26      0,00      0,75      0,00      0,00     93,98
13:03:41        all      5,00      0,00      1,50      0,00      0,00     93,50
13:03:43        all      1,75      0,00      0,75      0,00      0,00     97,49
13:03:45        all      3,00      0,00      1,00      0,00      0,00     96,00
13:03:47        all      8,23      0,00      7,48      0,00      0,00     84,29
13:03:49        all     26,60      0,00     42,97      0,00      0,00     30,43
13:03:51        all     28,93      0,00     39,85      0,00      0,25     30,96
13:03:53        all     31,82      0,00     44,95      0,00      0,00     23,23
13:03:55        all     30,05      0,00     41,41      0,00      0,00     28,54
13:03:57        all     29,41      0,00     38,11      0,00      0,26     32,23
13:03:59        all     22,73      0,00     36,87      0,00      0,00     40,40
13:04:01        all      5,78      0,00      3,02      0,00      0,00     91,21
13:04:03        all      5,24      0,00      1,25      0,25      0,00     93,27
13:04:05        all      6,28      0,00      1,01      0,00      0,00     92,71
13:04:07        all      4,75      0,00      1,25      0,00      0,00     94,00
13:04:09        all      4,76      0,00      1,25      0,00      0,00     93,98
13:04:11        all      4,77      0,00      1,01      0,00      0,00     94,22
13:04:13        all      5,00      0,00      1,00      0,00      0,00     94,00
13:04:15        all      4,76      0,00      1,00      0,00      0,00     94,24
13:04:17        all      4,02      0,00      0,25      0,00      0,00     95,73
13:04:19        all      1,50      0,00      0,25      0,00      0,00     98,25
13:04:21        all     22,77      0,00     38,86      0,00      0,00     38,37
13:04:23        all     31,50      0,00     39,75      0,00      0,00     28,75
13:04:25        all     26,32      0,00     44,36      0,00      0,25     29,07
13:04:27        all     28,72      0,00     42,07      0,00      0,00     29,22
13:04:29        all     30,96      0,00     39,85      0,00      0,00     29,19
13:04:31        all     28,39      0,00     44,25      0,00      0,00     27,37
13:04:33        all     22,60      0,00     40,00      0,00      0,00     37,40
13:04:35        all     25,49      0,00     42,16      0,00      0,00     32,35
13:04:37        all     29,41      0,00     42,65      0,00      0,25     27,70
13:04:39        all     27,95      0,00     41,03      0,00      0,00     31,03
13:04:41        all     26,75      0,00     44,00      3,00      0,25     26,00
13:04:43        all     27,11      0,00     42,46      0,00      0,00     30,43
13:04:45        all     16,16      0,00     17,68      0,00      0,00     66,16
13:04:47        all      5,50      0,00      0,75      0,00      0,00     93,75
13:04:49        all      4,02      0,00      0,75      0,00      0,00     95,23
13:04:51        all      1,25      0,00      0,25      0,00      0,00     98,50
13:04:53        all      5,01      0,00      1,25      0,00      0,00     93,73
13:04:55        all      4,75      0,00      1,25      0,00      0,00     94,00
13:04:57        all      4,51      0,00      1,50      0,00      0,00     93,98
13:04:59        all      4,76      0,00      1,00      0,00      0,00     94,24
13:05:01        all      5,28      0,00      1,01      0,00      0,00     93,72
13:05:03        all      5,49      0,00      1,00      0,25      0,00     93,27
13:05:05        all     18,16      0,00     22,14      0,00      0,00     59,70
13:05:07        all     28,97      0,00     43,07      0,00      0,00     27,96
13:05:09        all     25,64      0,00     41,28      0,00      0,26     32,82
13:05:11        all     24,94      0,00     44,50      0,00      0,00     30,56
13:05:13        all     34,17      0,00     41,71      0,00      0,00     24,12
13:05:15        all     30,46      0,00     44,67      0,00      0,00     24,87
13:05:17        all     28,00      0,00     44,75      0,00      0,00     27,25
13:05:19        all     27,02      0,00     40,40      0,00      0,00     32,58
13:05:21        all     28,39      0,00     46,55      0,00      0,26     24,81
13:05:23        all     27,82      0,00     41,10      0,00      0,00     31,08
13:05:25        all     27,68      0,00     43,39      0,00      0,00     28,93
13:05:27        all     27,68      0,00     41,25      0,26      0,00     30,81
13:05:29        all     15,52      0,00     21,43      0,00      0,25     62,81
13:05:31        all      4,77      0,00      1,01      0,00      0,00     94,22
13:05:33        all      4,50      0,00      1,50      0,00      0,00     94,00
13:05:35        all      5,29      0,00      0,50      0,00      0,00     94,21
13:05:37        all      5,25      0,00      1,00      0,00      0,00     93,75
13:05:39        all      4,51      0,00      1,25      0,00      0,00     94,24
13:05:41        all      4,75      0,00      1,25      0,00      0,00     94,00
13:05:43        all      5,01      0,00      1,00      0,00      0,00     93,98
13:05:45        all      2,51      0,00      0,50      0,00      0,00     96,98
13:05:47        all      3,00      0,00      1,00      0,00      0,00     96,00
13:05:49        all     16,88      0,00     19,14      0,00      0,00     63,98
13:05:51        all     30,40      0,00     44,47      0,00      0,00     25,13
13:05:53        all     30,42      0,00     43,89      0,00      0,00     25,69
13:05:55        all     27,66      0,00     44,67      0,00      0,25     27,41
13:05:57        all     26,21      0,00     41,98      0,00      0,00     31,81
13:05:59        all     28,89      0,00     43,72      0,00      0,00     27,39
13:06:01        all     25,94      0,00     44,14      0,00      0,00     29,93
13:06:03        all     29,01      0,00     43,51      0,00      0,25     27,23
13:06:05        all     34,00      0,00     39,50      0,00      0,00     26,50
13:06:07        all     28,15      0,00     44,69      0,00      0,00     27,16
13:06:09        all     29,92      0,00     39,13      0,26      0,00     30,69
13:06:11        all     29,65      0,00     41,21      0,00      0,00     29,15
13:06:13        all     29,75      0,00     39,50      0,00      0,25     30,50
13:06:15        all      6,50      0,00      3,50      0,00      0,00     90,00
13:06:17        all      1,50      0,00      1,00      0,00      0,00     97,49
13:06:19        all      4,51      0,00      1,25      0,00      0,00     94,24
13:06:21        all      4,52      0,00      1,26      0,00      0,00     94,22
13:06:23        all      4,99      0,00      1,25      0,00      0,00     93,77
13:06:25        all      4,79      0,00      0,76      0,00      0,00     94,46
13:06:27        all      4,51      0,00      1,25      0,00      0,00     94,24
13:06:29        all      4,51      0,00      1,25      0,00      0,00     94,24
13:06:31        all      4,25      0,00      1,25      0,00      0,25     94,25
13:06:33        all      4,49      0,00      1,25      0,00      0,00     94,26
13:06:35        all     10,05      0,00      7,54      0,00      0,00     82,41
13:06:37        all      1,00      0,00      0,50      0,00      0,00     98,50
13:06:39        all      5,00      0,00      1,25      0,00      0,00     93,75
13:06:41        all      4,77      0,00      1,51      0,00      0,00     93,72
13:06:43        all      4,50      0,00      1,25      0,25      0,00     94,00
13:06:45        all      4,26      0,00      1,75      0,00      0,00     93,98
13:06:47        all      5,49      0,00      0,75      0,00      0,00     93,77
13:06:49        all      4,77      0,00      0,75      0,00      0,00     94,47
13:06:51        all      5,01      0,00      0,75      0,00      0,00     94,24
13:06:53        all      5,25      0,00      1,25      0,00      0,00     93,50
13:06:55        all     30,81      0,00     30,30      0,00      0,00     38,89
13:06:57        all      1,25      0,00      0,50      0,00      0,00     98,25
13:06:59        all      5,01      0,00      1,25      0,00      0,00     93,73
13:07:01        all      6,02      0,00      1,00      0,00      0,00     92,98
13:07:03        all      5,76      0,00      1,00      0,00      0,00     93,23
13:07:05        all      5,51      0,00      1,25      0,00      0,00     93,23
13:07:07        all      5,26      0,00      0,75      0,00      0,00     93,98
13:07:09        all      5,01      0,00      0,75      0,00      0,00     94,24
13:07:11        all      5,03      0,00      0,75      0,00      0,00     94,22
13:07:13        all      4,26      0,00      1,50      0,00      0,00     94,24
13:07:15        all      7,98      0,00      7,23      0,00      0,00     84,79
13:07:17        all     26,20      0,00     19,65      0,00      0,00     54,16
13:07:19        all      4,26      0,00      1,25      0,00      0,00     94,49
13:07:21        all      5,00      0,00      1,00      0,00      0,25     93,75
13:07:23        all      4,50      0,00      1,25      0,00      0,00     94,25
13:07:25        all      4,77      0,00      1,01      0,00      0,00     94,22
13:07:27        all      5,74      0,00      1,00      0,00      0,00     93,27
13:07:29        all      4,51      0,00      1,50      0,00      0,00     93,98
13:07:31        all      4,26      0,00      1,75      0,00      0,00     93,98
13:07:33        all      3,51      0,00      1,50      0,25      0,00     94,74
13:07:35        all      1,25      0,00      0,75      0,00      0,00     98,00
13:07:37        all     27,96      0,00     24,43      0,00      0,25     47,36
13:07:39        all     37,16      0,00     31,67      0,00      0,00     31,17
13:07:41        all      4,99      0,00      1,00      0,00      0,00     94,01
13:07:43        all      4,52      0,00      1,01      0,00      0,00     94,47
13:07:45        all      4,74      0,00      1,50      0,00      0,00     93,77
13:07:47        all      5,01      0,00      1,00      0,00      0,00     93,98
13:07:49        all      5,00      0,00      1,25      0,25      0,00     93,50
13:07:51        all      4,73      0,00      1,99      0,00      0,00     93,28
13:07:53        all      3,76      0,00      0,50      0,00      0,00     95,74
13:07:55        all      1,25      0,00      0,75      0,00      0,00     98,00
13:07:57        all      4,27      0,00      1,26      0,00      0,00     94,47
13:07:59        all     15,46      0,00     13,22      0,00      0,00     71,32
13:08:01        all     45,69      0,00     42,39      0,00      0,00     11,93
13:08:03        all      4,51      0,00      1,25      0,00      0,00     94,24
13:08:05        all      4,50      0,00      1,50      0,00      0,00     94,00
13:08:07        all      4,99      0,00      1,00      0,00      0,00     94,01
13:08:09        all      4,76      0,00      1,00      0,00      0,00     94,24
13:08:11        all      4,76      0,00      1,25      0,00      0,00     93,98
13:08:13        all      4,27      0,00      0,75      0,00      0,00     94,97
13:08:15        all      2,75      0,00      0,25      0,00      0,00     97,00
13:08:17        all      6,02      0,00      1,00      0,00      0,00     92,98
13:08:19        all      5,00      0,00      1,00      0,00      0,00     94,00
13:08:21        all      4,76      0,00      1,00      0,00      0,00     94,24
13:08:23        all     42,17      0,00     43,18      0,00      0,25     14,39
13:08:25        all     45,69      0,00     43,91      0,00      0,00     10,41
13:08:27        all     48,24      0,00     46,73      0,00      0,00      5,03
13:08:29        all     47,64      0,00     45,41      0,00      0,25      6,70
13:08:31        all     45,98      0,00     46,98      0,00      0,00      7,04
13:08:33        all     46,60      0,00     44,08      0,00      0,00      9,32
13:08:35        all     10,61      0,00      4,29      0,00      0,00     85,10
13:08:37        all      5,00      0,00      1,25      0,00      0,00     93,75
13:08:39        all      5,01      0,00      0,75      0,00      0,00     94,24
13:08:41        all      5,01      0,00      1,00      0,00      0,00     93,98
13:08:43        all      5,25      0,00      1,25      0,25      0,00     93,25
13:08:45        all      4,76      0,00      1,25      0,00      0,00     93,98
13:08:47        all      4,51      0,00      1,50      0,00      0,00     93,98
13:08:49        all      1,01      0,00      0,50      0,00      0,00     98,49
13:08:51        all      4,01      0,00      0,75      0,00      0,00     95,24
13:08:53        all      5,00      0,00      1,50      0,00      0,00     93,50
13:08:55        all     41,88      0,00     38,83      0,00      0,00     19,29
13:08:57        all     48,48      0,00     43,69      0,00      0,25      7,58
13:08:59        all     49,49      0,00     43,94      0,00      0,00      6,57
13:09:01        all     49,62      0,00     47,37      0,00      0,00      3,01
13:09:03        all     51,64      0,00     45,84      0,00      0,00      2,52
13:09:05        all     52,63      0,00     45,36      0,00      0,00      2,01
13:09:07        all     18,94      0,00     12,12      0,00      0,00     68,94
13:09:09        all      4,51      0,00      1,25      0,00      0,00     94,24
13:09:11        all      5,51      0,00      0,75      0,00      0,00     93,73
13:09:13        all      5,26      0,00      1,00      0,00      0,00     93,73
13:09:15        all      4,77      0,00      1,01      0,00      0,00     94,22
13:09:17        all      5,26      0,00      1,00      0,00      0,00     93,73
13:09:19        all      4,25      0,00      1,50      0,00      0,00     94,25
13:09:21        all      2,00      0,00      0,50      7,75      0,00     89,75
13:09:23        all      3,26      0,00      0,50      0,00      0,00     96,24
13:09:25        all      4,75      0,00      1,25      0,00      0,00     94,00
13:09:27        all     30,65      0,00     26,88      0,25      0,00     42,21
13:09:29        all     50,63      0,00     45,11      0,00      0,00      4,26
13:09:31        all     50,12      0,00     47,13      0,00      0,25      2,49
13:09:33        all     47,75      0,00     49,25      0,00      0,00      3,00
13:09:35        all     43,04      0,00     46,08      0,00      0,00     10,89
13:09:37        all     49,87      0,00     41,18      0,00      0,00      8,95
13:09:39        all     24,75      0,00     25,25      0,00      0,00     50,00
13:09:41        all      5,01      0,00      1,25      0,00      0,00     93,73
13:09:43        all      4,52      0,00      1,26      0,00      0,00     94,22
13:09:45        all      5,25      0,00      0,50      0,00      0,00     94,25
13:09:47        all      5,25      0,00      1,25      0,00      0,00     93,50
13:09:49        all      4,75      0,00      1,00      0,00      0,00     94,25
13:09:51        all      5,01      0,00      1,25      0,00      0,00     93,73
13:09:53        all      4,99      0,00      1,25      0,25      0,00     93,52
13:09:55        all      4,77      0,00      1,01      0,00      0,00     94,22
13:09:57        all      5,00      0,00      0,75      0,00      0,00     94,25
13:09:59        all     16,46      0,00     21,45      0,00      0,00     62,09
13:10:01        all     48,26      0,00     43,53      0,00      0,25      7,96
13:10:03        all     47,57      0,00     44,25      0,00      0,00      8,18
13:10:05        all     48,88      0,00     45,14      0,00      0,00      5,99
13:10:07        all     50,50      0,00     42,04      0,00      0,00      7,46
13:10:09        all     46,97      0,00     46,21      0,00      0,00      6,82
13:10:11        all     47,99      0,00     44,47      0,00      0,25      7,29
13:10:13        all     43,54      0,00     40,76      0,00      0,00     15,70
13:10:15        all     46,87      0,00     48,37      0,00      0,00      4,76
13:10:17        all     51,64      0,00     46,85      0,00      0,00      1,51
13:10:19        all     48,49      0,00     43,72      0,00      0,00      7,79
13:10:21        all     47,87      0,00     44,11      0,00      0,00      8,02
13:10:23        all     42,39      0,00     40,40      0,00      0,00     17,21
13:10:25        all      4,51      0,00      1,25      0,00      0,00     94,24
13:10:27        all      4,50      0,00      1,50      0,00      0,00     94,00
13:10:29        all      5,01      0,00      1,00      0,00      0,00     93,98
13:10:31        all      4,76      0,00      1,00      0,00      0,00     94,24
13:10:33        all      4,75      0,00      1,25      0,00      0,00     94,00
13:10:35        all      4,51      0,00      1,25      0,00      0,00     94,24
13:10:37        all      4,51      0,00      1,25      0,00      0,00     94,24
13:10:39        all      4,74      0,00      0,75      0,00      0,25     94,26
13:10:41        all      5,26      0,00      0,75      0,00      0,00     93,98
13:10:43        all      2,76      0,00      2,51      0,00      0,00     94,72
13:10:45        all     47,84      0,00     46,06      0,00      0,00      6,11
13:10:47        all     47,46      0,00     44,42      0,00      0,00      8,12
13:10:49        all     44,08      0,00     46,60      0,00      0,00      9,32
13:10:51        all     47,41      0,00     46,42      0,00      0,00      6,17
13:10:53        all     46,98      0,00     48,24      0,00      0,25      4,52
13:10:55        all     46,62      0,00     49,37      0,00      0,00      4,01
13:10:57        all     45,98      0,00     43,22      0,00      0,25     10,55
13:10:59        all     47,45      0,00     45,66      0,00      0,00      6,89
13:11:01        all     55,11      0,00     43,64      0,00      0,25      1,00
13:11:03        all     52,27      0,00     45,45      0,00      0,00      2,27
13:11:05        all     51,13      0,00     41,85      0,00      0,00      7,02
13:11:07        all     47,61      0,00     45,34      0,00      0,00      7,05
13:11:09        all     22,36      0,00     18,34      0,00      0,00     59,30
13:11:11        all      2,76      0,00      0,50      0,00      0,00     96,74
13:11:13        all      2,00      0,00      0,50      0,00      0,00     97,50
13:11:15        all      5,00      0,00      1,00      0,00      0,00     94,00
13:11:17        all      5,03      0,00      1,01      0,00      0,00     93,97
13:11:19        all      5,01      0,00      0,75      0,00      0,00     94,24
13:11:21        all      5,01      0,00      1,25      0,00      0,00     93,73
13:11:23        all      5,26      0,00      1,00      0,00      0,00     93,73
13:11:25        all      5,00      0,00      1,00      0,00      0,00     94,00
13:11:27        all      4,51      0,00      1,25      0,00      0,00     94,24
13:11:29        all     27,68      0,00     26,18      0,00      0,00     46,13
13:11:31        all     47,45      0,00     46,68      0,00      0,00      5,87
13:11:33        all     51,38      0,00     43,61      0,00      0,00      5,01
13:11:35        all     48,10      0,00     43,54      0,00      0,00      8,35
13:11:37        all     47,22      0,00     45,20      0,25      0,00      7,32
13:11:39        all     48,99      0,00     43,43      0,00      0,00      7,58
13:11:41        all     48,38      0,00     47,63      0,00      0,25      3,74
13:11:43        all     48,10      0,00     45,57      0,00      0,00      6,33
13:11:45        all     46,80      0,00     41,43      0,00      0,00     11,76
13:11:47        all     43,67      0,00     46,90      0,00      0,25      9,18
13:11:49        all     50,12      0,00     43,39      0,00      0,00      6,48
13:11:51        all     48,48      0,00     41,16      0,00      0,51      9,85
13:11:53        all     38,06      0,00     36,82      0,25      0,00     24,88
13:11:55        all      4,74      0,00      1,25      0,00      0,00     94,01
13:11:57        all      4,52      0,00      1,01      0,00      0,00     94,47
13:11:59        all      4,74      0,00      1,00      0,00      0,00     94,26
13:12:01        all      4,76      0,00      1,00      0,00      0,00     94,24
13:12:03        all      0,50      0,00      0,25      0,00      0,00     99,25
13:12:05        all      4,75      0,00      0,75      0,00      0,00     94,50
13:12:07        all      4,50      0,00      1,25      0,00      0,00     94,25
13:12:09        all      4,25      0,00      1,50      0,25      0,00     94,00
13:12:11        all      4,74      0,00      2,00      0,00      0,00     93,27
13:12:13        all      6,02      0,00      1,00      0,00      0,00     92,98
13:12:15        all      4,76      0,00      1,00      0,00      0,00     94,24
13:12:17        all      4,50      0,00      1,50      0,00      0,25     93,75
13:12:19        all      5,01      0,00      0,75      0,00      0,00     94,24
13:12:21        all      5,00      0,00      0,75      0,00      0,00     94,25
13:12:23        all      1,50      0,00      0,50      0,00      0,00     97,99
13:12:25        all      5,26      0,00      1,25      0,00      0,00     93,48
13:12:27        all      4,27      0,00      1,51      0,00      0,00     94,22
13:12:29        all      4,76      0,00      1,00      0,00      0,00     94,24
13:12:31        all      5,01      0,00      1,00      0,00      0,00     93,98

Media:          all     14,30      0,00     14,62      0,10      0,03     70,95
