Linux 4.4.0-112-generic (virtual) 	13/03/18 	_x86_64_	(2 CPU)

18:45:24        CPU     %user     %nice   %system   %iowait    %steal     %idle
18:45:26        all      4,76      0,00      1,25      0,00      0,00     93,98
18:45:28        all      5,26      0,00      1,25      0,00      0,00     93,48
18:45:30        all      7,20      0,00      8,68      0,25      0,00     83,87
18:45:32        all      5,03      0,00      1,01      0,00      0,00     93,97
18:45:34        all      5,01      0,00      1,00      0,00      0,00     93,98
18:45:36        all      4,99      0,00      1,25      0,00      0,00     93,77
18:45:38        all      2,76      0,00      0,25      0,00      0,00     96,98
18:45:40        all      2,24      0,00      0,75      0,00      0,00     97,01
18:45:42        all      4,77      0,00      1,26      0,00      0,00     93,97
18:45:44        all      5,01      0,00      1,00      0,00      0,00     93,98
18:45:46        all      5,24      0,00      1,25      0,00      0,00     93,52
18:45:48        all      5,75      0,00      1,25      0,00      0,00     93,00
18:45:50        all      7,52      0,00      8,02      0,00      0,25     84,21
18:45:52        all      4,76      0,00      1,25      0,00      0,00     93,98
18:45:54        all      5,24      0,00      1,25      0,00      0,00     93,52
18:45:56        all      3,26      0,00      1,00      0,00      0,00     95,74
18:45:58        all      1,51      0,00      0,25      0,00      0,00     98,24
18:46:00        all      4,75      0,00      1,25      0,00      0,00     94,00
18:46:02        all      4,76      0,00      1,25      0,00      0,00     93,98
18:46:04        all      5,00      0,00      1,50      0,00      0,00     93,50
18:46:06        all      5,50      0,00      1,00      0,00      0,00     93,50
18:46:08        all      4,77      0,00      0,75      0,00      0,00     94,47
18:46:10        all     19,08      0,00     33,08      0,25      0,25     47,33
18:46:12        all      5,78      0,00      0,50      0,00      0,00     93,72
18:46:14        all      4,75      0,00      1,00      0,00      0,00     94,25
18:46:16        all      1,01      0,00      0,00      0,00      0,00     98,99
18:46:18        all      5,00      0,00      1,75      0,00      0,00     93,25
18:46:20        all      5,53      0,00      1,01      0,00      0,00     93,47
18:46:22        all      4,51      0,00      1,75      0,00      0,00     93,73
18:46:24        all      5,97      0,00      1,00      0,25      0,00     92,79
18:46:26        all      5,01      0,00      1,00      0,00      0,00     93,98
18:46:28        all      5,28      0,00      0,50      0,00      0,00     94,22
18:46:30        all      5,51      0,00      2,01      0,00      0,00     92,48
18:46:32        all     18,11      0,00     29,08      0,00      0,00     52,81
18:46:34        all      0,50      0,00      0,25      0,00      0,00     99,25
18:46:36        all      5,50      0,00      1,00      0,00      0,00     93,50
18:46:38        all      6,02      0,00      1,00      0,00      0,00     92,98
18:46:40        all      6,02      0,00      1,25      0,00      0,00     92,73
18:46:42        all      5,03      0,00      1,01      0,00      0,00     93,97
18:46:44        all      5,51      0,00      1,25      0,00      0,00     93,23
18:46:46        all      5,51      0,00      1,25      0,00      0,00     93,23
18:46:48        all      5,01      0,00      1,25      0,00      0,00     93,73
18:46:50        all      3,00      0,00      0,50      0,00      0,00     96,50
18:46:52        all      5,29      0,00      9,07      0,00      0,25     85,39
18:46:54        all     30,21      0,00     49,74      0,00      0,52     19,53
18:46:56        all      9,05      0,00      6,78      0,00      0,00     84,17
18:46:58        all      5,26      0,00      1,00      0,00      0,00     93,73
18:47:00        all      4,75      0,00      2,00      0,00      0,00     93,25
18:47:02        all      4,50      0,00      1,50      0,00      0,00     94,00
18:47:04        all      3,25      0,00      0,75      0,00      0,00     96,00
18:47:06        all      1,75      0,00      0,50      0,00      0,00     97,74
18:47:08        all      5,78      0,00      1,26      0,00      0,00     92,96
18:47:10        all      5,49      0,00      1,00      0,25      0,25     93,02
18:47:12        all      5,01      0,00      1,25      0,00      0,00     93,73
18:47:14        all      5,25      0,00      1,50      0,00      0,00     93,25
18:47:16        all     23,94      0,00     43,89      0,00      0,00     32,17
18:47:18        all     13,67      0,00     20,76      0,00      0,00     65,57
18:47:20        all      4,77      0,00      1,26      0,00      0,00     93,97
18:47:22        all      1,75      0,00      1,00      0,00      0,00     97,25
18:47:24        all      3,26      0,00      0,75      0,00      0,00     95,99
18:47:26        all      5,50      0,00      1,00      0,00      0,00     93,50
18:47:28        all      5,28      0,00      1,51      0,00      0,00     93,22
18:47:30        all      5,75      0,00      1,75      0,00      0,00     92,50
18:47:32        all      5,01      0,00      0,75      0,25      0,00     93,98
18:47:34        all      4,99      0,00      1,25      0,00      0,00     93,77
18:47:36        all      4,51      0,00      1,25      0,00      0,00     94,24
18:47:38        all      8,59      0,00      8,59      0,00      0,25     82,58
18:47:40        all     25,75      0,00     48,25      0,00      0,25     25,75
18:47:42        all     27,32      0,00     49,87      0,00      0,50     22,31
18:47:44        all     30,10      0,00     48,72      0,00      0,26     20,92
18:47:46        all     28,43      0,00     54,11      0,00      0,25     17,21
18:47:48        all     32,58      0,00     52,13      0,00      0,00     15,29
18:47:50        all     27,78      0,00     50,76      0,00      0,25     21,21
18:47:52        all      5,50      0,00      1,25      0,00      0,00     93,25
18:47:54        all      4,79      0,00      1,51      0,00      0,00     93,70
18:47:56        all      0,50      0,00      0,50      0,00      0,00     99,00
18:47:58        all      4,52      0,00      1,51      0,00      0,00     93,97
18:48:00        all      4,76      0,00      1,50      0,00      0,00     93,73
18:48:02        all      5,03      0,00      1,76      0,00      0,00     93,22
18:48:04        all      5,26      0,00      1,50      0,00      0,00     93,23
18:48:06        all      5,00      0,00      2,00      0,00      0,00     93,00
18:48:08        all      5,01      0,00      1,25      0,00      0,00     93,73
18:48:10        all      6,52      0,00      3,51      0,00      0,00     89,97
18:48:12        all     30,63      0,00     49,37      0,00      0,25     19,75
18:48:14        all     25,25      0,00     51,50      0,00      0,25     23,00
18:48:16        all     32,41      0,00     52,15      0,00      0,00     15,44
18:48:18        all     32,35      0,00     52,45      0,00      0,25     14,95
18:48:20        all     34,09      0,00     48,23      0,00      0,25     17,42
18:48:22        all     29,80      0,00     55,56      0,00      0,00     14,65
18:48:24        all     15,27      0,00     21,67      0,00      0,00     63,05
18:48:26        all      5,51      0,00      1,50      0,00      0,25     92,73
18:48:28        all      0,25      0,00      0,50      0,00      0,00     99,25
18:48:30        all      4,76      0,00      2,01      0,00      0,00     93,23
18:48:32        all      5,26      0,00      2,01      0,00      0,00     92,73
18:48:34        all      5,26      0,00      1,50      0,00      0,00     93,23
18:48:36        all      5,26      0,00      2,01      0,00      0,00     92,73
18:48:38        all      4,77      0,00      1,76      0,00      0,00     93,47
18:48:40        all      5,74      0,00      1,75      0,00      0,00     92,52
18:48:42        all      4,76      0,00      2,26      0,00      0,00     92,98
18:48:44        all     19,44      0,00     31,82      0,00      0,00     48,74
18:48:46        all     32,32      0,00     53,44      0,00      0,25     13,99
18:48:48        all     33,00      0,00     52,36      0,00      0,00     14,64
18:48:50        all     30,90      0,00     53,52      0,00      0,25     15,33
18:48:52        all     32,91      0,00     50,50      0,00      0,00     16,58
18:48:54        all     32,92      0,00     54,86      0,00      0,25     11,97
18:48:56        all     21,30      0,00     34,09      0,00      0,00     44,61
18:48:58        all      0,50      0,00      0,50      0,25      0,00     98,75
18:49:00        all      5,01      0,00      1,50      0,00      0,00     93,48
18:49:02        all      4,76      0,00      1,50      0,00      0,00     93,73
18:49:04        all      4,99      0,00      1,75      0,00      0,25     93,02
18:49:06        all      4,75      0,00      2,00      0,00      0,00     93,25
18:49:08        all      4,77      0,00      2,01      0,00      0,00     93,22
18:49:10        all      5,74      0,00      1,50      0,00      0,00     92,77
18:49:12        all      5,50      0,00      2,00      0,00      0,00     92,50
18:49:14        all      4,76      0,00      1,50      0,00      0,00     93,73
18:49:16        all     11,63      0,00     21,04      0,00      0,00     67,33
18:49:18        all     28,00      0,00     56,25      0,00      0,00     15,75
18:49:20        all     30,63      0,00     55,44      0,00      0,00     13,92
18:49:22        all     30,91      0,00     52,21      0,00      0,26     16,62
18:49:24        all     30,35      0,00     53,48      0,00      0,00     16,17
18:49:26        all     30,52      0,00     56,33      0,00      0,25     12,90
18:49:28        all     28,96      0,00     57,92      0,00      0,00     13,12
18:49:30        all     27,61      0,00     55,97      0,00      0,00     16,42
18:49:32        all     31,08      0,00     50,36      0,00      0,00     18,55
18:49:34        all     28,39      0,00     51,92      0,00      0,26     19,44
18:49:36        all     29,97      0,00     57,43      0,00      0,25     12,34
18:49:38        all     30,63      0,00     49,37      0,00      0,00     20,00
18:49:40        all     25,51      0,00     48,72      0,00      0,26     25,51
18:49:42        all      5,53      0,00      2,26      0,00      0,00     92,21
18:49:44        all      6,50      0,00      1,50      0,00      0,00     92,00
18:49:46        all      5,51      0,00      1,00      0,00      0,00     93,48
18:49:48        all      4,51      0,00      2,01      0,25      0,00     93,23
18:49:50        all      4,76      0,00      2,26      0,00      0,00     92,98
18:49:52        all      5,01      0,00      1,75      0,00      0,00     93,23
18:49:54        all      4,51      0,00      1,75      0,00      0,00     93,73
18:49:56        all      3,50      0,00      1,00      0,00      0,00     95,50
18:49:58        all      1,75      0,00      0,75      0,00      0,00     97,49
18:50:00        all      5,51      0,00      1,50      0,00      0,00     92,98
18:50:02        all     33,92      0,00     50,37      0,00      0,25     15,46
18:50:04        all     31,84      0,00     53,73      0,00      0,50     13,93
18:50:06        all     28,61      0,00     53,87      0,00      0,26     17,27
18:50:08        all     28,04      0,00     50,12      0,00      0,00     21,84
18:50:10        all     30,50      0,00     50,00      0,00      0,00     19,50
18:50:12        all     24,62      0,00     57,44      0,00      0,00     17,95
18:50:14        all     30,69      0,00     52,94      0,00      0,26     16,11
18:50:16        all     31,73      0,00     52,28      0,00      0,25     15,74
18:50:18        all     29,63      0,00     50,37      0,00      0,25     19,75
18:50:20        all     29,93      0,00     52,62      0,00      0,00     17,46
18:50:22        all     29,65      0,00     53,02      0,00      0,50     16,83
18:50:24        all     28,06      0,00     55,36      0,26      0,00     16,33
18:50:26        all     11,81      0,00     26,38      0,00      0,00     61,81
18:50:28        all      4,50      0,00      2,00      0,00      0,00     93,50
18:50:30        all      5,00      0,00      2,25      0,00      0,00     92,75
18:50:32        all      5,28      0,00      1,26      0,00      0,00     93,47
18:50:34        all      5,26      0,00      1,50      0,00      0,00     93,23
18:50:36        all      4,76      0,00      1,75      0,00      0,00     93,48
18:50:38        all      5,01      0,00      1,75      0,25      0,00     92,98
18:50:40        all      5,01      0,00      1,75      0,00      0,00     93,23
18:50:42        all      5,28      0,00      1,26      0,00      0,00     93,47
18:50:44        all      2,00      0,00      1,00      0,00      0,00     97,00
18:50:46        all     17,16      0,00     29,35      0,00      0,00     53,48
18:50:48        all     29,59      0,00     52,81      0,00      0,26     17,35
18:50:50        all     28,07      0,00     51,38      0,25      0,00     20,30
18:50:52        all     30,73      0,00     53,40      0,00      0,25     15,62
18:50:54        all     29,19      0,00     54,82      0,00      0,00     15,99
18:50:56        all     29,70      0,00     54,31      0,00      0,00     15,99
18:50:58        all     29,21      0,00     50,99      0,00      0,25     19,55
18:51:00        all     26,68      0,00     53,62      0,00      0,00     19,70
18:51:02        all     30,46      0,00     53,55      0,00      0,25     15,74
18:51:04        all     30,35      0,00     54,48      0,25      0,00     14,93
18:51:06        all     29,82      0,00     54,64      0,00      0,00     15,54
18:51:08        all     31,62      0,00     52,70      0,00      0,00     15,68
18:51:10        all     27,18      0,00     48,63      0,00      0,00     24,19
18:51:12        all      2,51      0,00      1,00      0,00      0,00     96,49
18:51:14        all      2,75      0,00      1,75      0,25      0,00     95,25
18:51:16        all      4,77      0,00      1,51      0,00      0,00     93,72
18:51:18        all      5,78      0,00      1,01      0,00      0,00     93,22
18:51:20        all      6,02      0,00      0,75      0,00      0,00     93,23
18:51:22        all      4,77      0,00      1,26      0,00      0,00     93,97
18:51:24        all      5,00      0,00      1,50      0,00      0,25     93,25
18:51:26        all      6,02      0,00      2,01      0,00      0,00     91,98
18:51:28        all      5,50      0,00      1,50      0,00      0,00     93,00
18:51:30        all      2,99      0,00      1,00      0,25      0,00     95,76
18:51:32        all      7,50      0,00      8,75      0,00      0,00     83,75
18:51:34        all      5,28      0,00      2,26      0,00      0,00     92,46
18:51:36        all      4,76      0,00      2,01      0,00      0,00     93,23
18:51:38        all      4,52      0,00      2,01      0,00      0,00     93,47
18:51:40        all      4,75      0,00      2,00      0,00      0,00     93,25
18:51:42        all      5,25      0,00      1,50      0,00      0,25     93,00
18:51:44        all      5,24      0,00      2,00      0,00      0,00     92,77
18:51:46        all      4,79      0,00      1,26      0,00      0,00     93,95
18:51:48        all      1,26      0,00      0,75      0,00      0,00     97,99
18:51:50        all      3,75      0,00      2,00      0,00      0,00     94,25
18:51:52        all     10,28      0,00      7,52      0,00      0,00     82,21
18:51:54        all      4,76      0,00      2,01      0,00      0,00     93,23
18:51:56        all      5,24      0,00      2,00      0,00      0,00     92,77
18:51:58        all      4,50      0,00      2,00      0,00      0,00     93,50
18:52:00        all      5,03      0,00      1,76      0,00      0,00     93,22
18:52:02        all      5,00      0,00      1,75      0,00      0,00     93,25
18:52:04        all      5,26      0,00      1,50      0,00      0,00     93,23
18:52:06        all      0,75      0,00      0,50      0,00      0,00     98,75
18:52:08        all      4,52      0,00      1,51      0,00      0,00     93,97
18:52:10        all      5,03      0,00      1,76      0,00      0,00     93,22
18:52:12        all     21,46      0,00     33,33      0,00      0,00     45,20
18:52:14        all      5,00      0,00      2,25      0,00      0,00     92,75
18:52:16        all      5,25      0,00      1,25      0,25      0,00     93,25
18:52:18        all      5,25      0,00      2,00      0,00      0,00     92,75
18:52:20        all      5,53      0,00      0,75      0,00      0,00     93,72
18:52:22        all      5,00      0,00      2,00      0,00      0,25     92,75
18:52:24        all      1,00      0,00      1,00      0,00      0,00     97,99
18:52:26        all      3,98      0,00      1,74      0,00      0,00     94,28
18:52:28        all      5,97      0,00      1,99      0,00      0,00     92,04
18:52:30        all      4,76      0,00      1,50      0,00      0,00     93,73
18:52:32        all      7,09      0,00      3,80      0,00      0,00     89,11
18:52:34        all     19,18      0,00     28,13      0,00      0,26     52,43
18:52:36        all      4,75      0,00      2,00      0,00      0,00     93,25
18:52:38        all      4,51      0,00      1,75      0,00      0,00     93,73
18:52:40        all      5,28      0,00      1,51      1,01      0,00     92,21
18:52:42        all      1,75      0,00      0,50      0,00      0,00     97,75
18:52:44        all      4,02      0,00      0,50      0,00      0,00     95,48
18:52:46        all      5,26      0,00      1,25      0,00      0,00     93,48
18:52:48        all      4,76      0,00      1,50      0,00      0,00     93,73
18:52:50        all      4,74      0,00      1,50      0,25      0,00     93,52
18:52:52        all      5,29      0,00      1,01      0,00      0,00     93,70
18:52:54        all     15,29      0,00     21,80      0,00      0,00     62,91
18:52:56        all     22,44      0,00     43,14      0,00      0,00     34,41
18:52:58        all      4,51      0,00      1,75      0,00      0,00     93,73
18:53:00        all      0,50      0,00      0,25      0,00      0,00     99,25
18:53:02        all      4,99      0,00      2,49      0,00      0,00     92,52
18:53:04        all      5,26      0,00      1,75      0,00      0,00     92,98
18:53:06        all      5,25      0,00      1,75      0,00      0,00     93,00
18:53:08        all      5,28      0,00      1,51      0,00      0,00     93,22
18:53:10        all      4,76      0,00      1,75      0,00      0,00     93,48
18:53:12        all      5,26      0,00      1,25      0,00      0,00     93,48
18:53:14        all      5,29      0,00      1,51      0,00      0,00     93,20
18:53:16        all      7,75      0,00      7,25      0,00      0,00     85,00
18:53:18        all     26,78      0,00     50,61      0,00      0,00     22,60
18:53:20        all      6,98      0,00      4,74      0,00      0,25     88,03
18:53:22        all      5,51      0,00      1,25      0,00      0,00     93,23
18:53:24        all      4,76      0,00      1,75      0,00      0,00     93,48
18:53:26        all      6,00      0,00      0,75      0,00      0,00     93,25
18:53:28        all      4,79      0,00      1,51      0,00      0,00     93,70
18:53:30        all      5,51      0,00      1,50      0,00      0,00     92,98
18:53:32        all      5,49      0,00      1,25      0,00      0,00     93,27
18:53:34        all      5,01      0,00      1,75      0,00      0,00     93,23
18:53:36        all      0,00      0,00      0,50      0,00      0,00     99,50
18:53:38        all      4,27      0,00      1,51      0,00      0,00     94,22
18:53:40        all     23,25      0,00     47,25      0,00      0,00     29,50
18:53:42        all     26,20      0,00     48,36      0,00      0,00     25,44
18:53:44        all     29,07      0,00     52,88      0,25      0,25     17,54
18:53:46        all     29,80      0,00     52,27      0,00      0,00     17,93
18:53:48        all     29,43      0,00     54,61      0,00      0,00     15,96
18:53:50        all     23,82      0,00     53,60      0,00      0,25     22,33
18:53:52        all      8,52      0,00     11,53      0,25      0,00     79,70
18:53:54        all      5,25      0,00      1,50      0,00      0,00     93,25
18:53:56        all      5,26      0,00      1,75      0,00      0,00     92,98
18:53:58        all      5,49      0,00      2,00      0,00      0,00     92,52
18:54:00        all      4,76      0,00      1,75      0,00      0,00     93,48
18:54:02        all      5,25      0,00      1,50      0,00      0,00     93,25
18:54:04        all      5,00      0,00      1,75      0,00      0,00     93,25
18:54:06        all      5,25      0,00      1,25      0,00      0,00     93,50
18:54:08        all      3,26      0,00      1,00      0,00      0,00     95,74
18:54:10        all      2,25      0,00      1,50      0,00      0,00     96,25
18:54:12        all     23,80      0,00     38,99      0,00      0,00     37,22
18:54:14        all     26,68      0,00     51,87      0,00      0,50     20,95
18:54:16        all     28,32      0,00     52,04      0,00      0,00     19,64
18:54:18        all     29,21      0,00     55,45      0,00      0,25     15,10
18:54:20        all     30,43      0,00     52,69      0,00      0,00     16,88
18:54:22        all     32,31      0,00     53,85      0,00      0,00     13,85
18:54:24        all      8,82      0,00     17,13      0,00      0,00     74,06
18:54:26        all      3,76      0,00      1,50      0,00      0,00     94,74
18:54:28        all      4,75      0,00      2,00      0,00      0,00     93,25
18:54:30        all      5,25      0,00      2,00      0,25      0,00     92,50
18:54:32        all      4,27      0,00      2,01      0,00      0,00     93,72
18:54:34        all      6,27      0,00      1,50      0,00      0,00     92,23
18:54:36        all      4,79      0,00      1,76      0,00      0,00     93,45
18:54:38        all      5,49      0,00      2,00      0,00      0,00     92,52
18:54:40        all      4,77      0,00      1,51      0,00      0,00     93,72
18:54:42        all      1,75      0,00      0,75      0,00      0,00     97,50
18:54:44        all     19,95      0,00     35,41      0,25      0,00     44,39
18:54:46        all     25,77      0,00     52,55      0,00      0,00     21,68
18:54:48        all     28,57      0,00     55,10      0,00      0,00     16,33
18:54:50        all     29,34      0,00     53,57      0,26      0,00     16,84
18:54:52        all     32,67      0,00     52,62      0,00      0,00     14,71
18:54:54        all     31,19      0,00     51,80      0,00      0,26     16,75
18:54:56        all     15,56      0,00     29,34      0,00      0,00     55,10
18:54:58        all      4,01      0,00      1,00      0,00      0,00     94,99
18:55:00        all      5,50      0,00      1,50      0,25      0,00     92,75
18:55:02        all      5,50      0,00      2,75      0,00      0,00     91,75
18:55:04        all      5,00      0,00      2,25      0,00      0,00     92,75
18:55:06        all      5,26      0,00      1,50      0,00      0,00     93,23
18:55:08        all      4,77      0,00      2,01      0,00      0,00     93,22
18:55:10        all      5,03      0,00      1,76      0,00      0,00     93,22
18:55:12        all      4,51      0,00      2,01      0,00      0,00     93,48
18:55:14        all      1,25      0,00      1,00      0,00      0,00     97,74
18:55:16        all     13,64      0,00     21,46      0,00      0,00     64,90
18:55:18        all     28,86      0,00     52,24      0,00      0,00     18,91
18:55:20        all     27,16      0,00     53,81      0,00      0,00     19,04
18:55:22        all     30,20      0,00     49,26      0,00      0,00     20,54
18:55:24        all     31,47      0,00     51,02      0,00      0,25     17,26
18:55:26        all     30,18      0,00     54,22      0,00      0,00     15,60
18:55:28        all     32,40      0,00     54,08      0,00      0,00     13,52
18:55:30        all     27,55      0,00     53,57      0,00      0,00     18,88
18:55:32        all     28,82      0,00     52,63      0,00      0,00     18,55
18:55:34        all     31,06      0,00     54,55      0,00      0,00     14,39
18:55:36        all     28,86      0,00     52,99      0,00      0,00     18,16
18:55:38        all     29,25      0,00     48,75      0,00      0,00     22,00
18:55:40        all     21,61      0,00     48,24      0,25      0,00     29,90
18:55:42        all      5,00      0,00      2,00      0,00      0,00     93,00
18:55:44        all      5,26      0,00      2,01      0,00      0,00     92,73
18:55:46        all      5,75      0,00      2,50      0,00      0,00     91,75
18:55:48        all      5,01      0,00      1,50      0,00      0,00     93,48
18:55:50        all      6,02      0,00      1,75      0,00      0,00     92,23
18:55:52        all      5,51      0,00      1,50      0,00      0,00     92,98
18:55:54        all      5,75      0,00      1,50      0,25      0,00     92,50
18:55:56        all      2,99      0,00      1,25      0,00      0,00     95,76
18:55:58        all      2,76      0,00      1,00      0,00      0,00     96,24
18:56:00        all      6,53      0,00      5,28      0,00      0,00     88,19
18:56:02        all     28,54      0,00     52,53      0,00      0,25     18,69
18:56:04        all     32,83      0,00     51,01      0,00      0,00     16,16
18:56:06        all     31,00      0,00     49,00      0,00      0,00     20,00
18:56:08        all     28,97      0,00     50,77      0,00      0,00     20,26
18:56:10        all     30,53      0,00     48,60      2,04      0,00     18,83
18:56:12        all     25,19      0,00     49,87      0,00      0,00     24,94
18:56:14        all     31,99      0,00     50,38      0,00      0,25     17,38
18:56:16        all     30,18      0,00     50,90      0,00      0,00     18,93
18:56:18        all     32,66      0,00     50,63      0,00      0,00     16,71
18:56:20        all     28,83      0,00     52,55      0,00      0,00     18,62
18:56:22        all     29,46      0,00     53,47      0,00      0,00     17,08
18:56:24        all     30,15      0,00     52,32      0,00      0,00     17,53
18:56:26        all      9,52      0,00     13,78      0,00      0,00     76,69
18:56:28        all      4,76      0,00      1,50      0,00      0,00     93,73
18:56:30        all      5,75      0,00      1,00      0,25      0,00     93,00
18:56:32        all      5,25      0,00      1,75      0,00      0,00     93,00
18:56:34        all      5,53      0,00      1,26      0,00      0,00     93,22
18:56:36        all      5,01      0,00      2,01      0,00      0,00     92,98
18:56:38        all      5,01      0,00      1,50      0,00      0,00     93,48
18:56:40        all      4,52      0,00      2,01      0,00      0,00     93,47
18:56:42        all      2,24      0,00      1,25      0,00      0,00     96,51
18:56:44        all      2,76      0,00      1,50      0,00      0,00     95,74
18:56:46        all     23,66      0,00     36,90      0,00      0,25     39,19
18:56:48        all     31,65      0,00     52,91      0,25      0,00     15,19
18:56:50        all     31,31      0,00     54,29      0,00      0,00     14,39
18:56:52        all     29,31      0,00     53,47      0,00      0,00     17,22
18:56:54        all     28,93      0,00     50,51      0,00      0,00     20,56
18:56:56        all     29,01      0,00     51,65      0,00      0,00     19,34
18:56:58        all     28,39      0,00     54,77      0,00      0,00     16,83
18:57:00        all     33,00      0,00     53,15      0,00      0,00     13,85
18:57:02        all     28,28      0,00     53,79      0,00      0,25     17,68
18:57:04        all     27,00      0,00     52,75      0,00      0,00     20,25
18:57:06        all     28,13      0,00     56,01      0,00      0,00     15,86
18:57:08        all     29,47      0,00     49,87      0,00      0,00     20,65
18:57:10        all     23,80      0,00     54,18      0,00      0,00     22,03
18:57:12        all     14,75      0,00     34,50      0,00      0,00     50,75
18:57:14        all      5,01      0,00      3,26      0,00      0,00     91,73
18:57:16        all      5,75      0,00      2,00      0,00      0,00     92,25
18:57:18        all      5,05      0,00      1,52      0,00      0,00     93,43
18:57:20        all      5,25      0,00      1,50      0,00      0,00     93,25
18:57:22        all      4,76      0,00      1,75      0,00      0,00     93,48
18:57:24        all      4,79      0,00      2,02      0,00      0,00     93,20
18:57:26        all      2,00      0,00      0,75      0,00      0,00     97,25
18:57:28        all      3,26      0,00      1,75      0,00      0,00     94,99
18:57:30        all      5,25      0,00      2,50      0,25      0,00     92,00
18:57:32        all     10,08      0,00      9,82      0,00      0,00     80,10
18:57:34        all      5,00      0,00      2,25      0,00      0,00     92,75
18:57:36        all      4,26      0,00      2,01      0,00      0,00     93,73
18:57:38        all      4,76      0,00      1,50      0,00      0,00     93,73
18:57:40        all      5,26      0,00      2,01      0,00      0,00     92,73
18:57:42        all      4,99      0,00      1,50      0,00      0,25     93,27
18:57:44        all      2,26      0,00      1,00      0,00      0,00     96,74
18:57:46        all      3,01      0,00      1,50      0,00      0,00     95,49
18:57:48        all      5,01      0,00      1,50      0,00      0,00     93,48
18:57:50        all      5,53      0,00      1,51      0,00      0,00     92,96
18:57:52        all     19,95      0,00     21,70      0,00      0,00     58,35
18:57:54        all     18,09      0,00     17,34      0,00      0,00     64,57
18:57:56        all      4,74      0,00      1,75      0,00      0,00     93,52
18:57:58        all      5,25      0,00      1,25      0,25      0,00     93,25
18:58:00        all      4,76      0,00      1,50      0,00      0,00     93,73
18:58:02        all      4,24      0,00      1,75      0,00      0,00     94,01
18:58:04        all      1,51      0,00      1,01      0,50      0,00     96,98
18:58:06        all      4,79      0,00      1,51      0,00      0,00     93,70
18:58:08        all      4,77      0,00      1,76      0,00      0,00     93,47
18:58:10        all      5,51      0,00      1,75      0,00      0,00     92,73
18:58:12        all      5,03      0,00      1,76      0,00      0,00     93,22
18:58:14        all     33,67      0,00     34,92      0,00      0,00     31,41
18:58:16        all      5,54      0,00      2,02      0,00      0,00     92,44
18:58:18        all      4,77      0,00      1,51      0,00      0,00     93,72
18:58:20        all      0,25      0,00      0,50      0,00      0,00     99,25
18:58:22        all      5,50      0,00      1,00      0,00      0,00     93,50
18:58:24        all      6,53      0,00      1,51      0,00      0,00     91,96
18:58:26        all      5,50      0,00      1,50      0,00      0,00     93,00
18:58:28        all      5,53      0,00      2,26      0,00      0,00     92,21
18:58:30        all      5,75      0,00      2,00      0,00      0,00     92,25
18:58:32        all      5,03      0,00      1,51      0,00      0,00     93,47
18:58:34        all      5,28      0,00      2,26      0,00      0,00     92,46
18:58:36        all     26,07      0,00     32,08      0,00      0,00     41,85
18:58:38        all     35,59      0,00     36,34      0,00      0,00     28,07
18:58:40        all      5,26      0,00      1,25      0,00      0,00     93,48
18:58:42        all      5,24      0,00      1,25      0,25      0,00     93,27
18:58:44        all      4,26      0,00      2,01      0,00      0,00     93,73
18:58:46        all      5,01      0,00      2,26      0,00      0,00     92,73
18:58:48        all      4,24      0,00      2,49      0,00      0,25     93,02
18:58:50        all      5,25      0,00      2,00      0,00      0,00     92,75
18:58:52        all      3,77      0,00      0,75      0,00      0,00     95,48
18:58:54        all      1,75      0,00      0,50      0,00      0,00     97,74
18:58:56        all      5,25      0,00      1,50      0,00      0,00     93,25
18:58:58        all     16,08      0,00     14,82      0,00      0,00     69,10
18:59:00        all     45,50      0,00     52,00      0,00      0,00      2,50
18:59:02        all      9,82      0,00      9,57      0,00      0,00     80,60
18:59:04        all      5,01      0,00      1,25      0,00      0,00     93,73
18:59:06        all      5,26      0,00      1,25      0,00      0,00     93,48
18:59:08        all      4,99      0,00      2,00      0,00      0,00     93,02
18:59:10        all      3,01      0,00      1,50      0,00      0,00     95,49
18:59:12        all      2,25      0,00      0,50      0,00      0,00     97,25
18:59:14        all      5,75      0,00      1,25      0,00      0,00     93,00
18:59:16        all      5,26      0,00      1,50      0,25      0,00     92,98
18:59:18        all      4,75      0,00      2,00      0,00      0,00     93,25
18:59:20        all      5,03      0,00      2,01      0,00      0,00     92,96
18:59:22        all     38,60      0,00     39,60      0,00      0,00     21,80
18:59:24        all     43,69      0,00     53,79      0,00      0,00      2,53
18:59:26        all     45,86      0,00     53,38      0,00      0,00      0,75
18:59:28        all     45,25      0,00     54,50      0,00      0,00      0,25
18:59:30        all     41,00      0,00     58,75      0,00      0,00      0,25
18:59:32        all     44,75      0,00     55,25      0,00      0,00      0,00
18:59:34        all     44,72      0,00     55,28      0,00      0,00      0,00
18:59:36        all      7,52      0,00      9,52      0,00      0,00     82,96
18:59:38        all      3,00      0,00      1,50      0,00      0,00     95,50
18:59:40        all      4,51      0,00      1,50      0,00      0,00     93,98
18:59:42        all      5,76      0,00      1,25      0,25      0,00     92,73
18:59:44        all      4,51      0,00      2,51      0,00      0,00     92,98
18:59:46        all      5,25      0,00      1,50      0,00      0,00     93,25
18:59:48        all      5,04      0,00      1,51      0,00      0,00     93,45
18:59:50        all      5,00      0,00      1,75      0,00      0,00     93,25
18:59:52        all      5,53      0,00      2,01      0,00      0,00     92,46
18:59:54        all      2,01      0,00      1,25      0,00      0,00     96,74
18:59:56        all     39,60      0,00     46,37      0,00      0,25     13,78
18:59:58        all     45,02      0,00     54,73      0,00      0,00      0,25
19:00:00        all     46,73      0,00     53,27      0,00      0,00      0,00
19:00:02        all     45,50      0,00     54,00      0,00      0,00      0,50
19:00:04        all     47,12      0,00     52,88      0,00      0,00      0,00
19:00:06        all     44,25      0,00     55,50      0,00      0,00      0,25
19:00:08        all     47,12      0,00     52,38      0,00      0,00      0,50
19:00:10        all      7,54      0,00      5,28      0,00      0,00     87,19
19:00:12        all      5,04      0,00      1,51      0,00      0,00     93,45
19:00:14        all      4,74      0,00      2,24      0,00      0,00     93,02
19:00:16        all      4,76      0,00      2,01      0,00      0,00     93,23
19:00:18        all      5,03      0,00      1,76      0,00      0,00     93,22
19:00:20        all      3,76      0,00      1,00      0,00      0,00     95,24
19:00:22        all      1,75      0,00      1,25      0,00      0,00     96,99
19:00:24        all      5,25      0,00      1,25      0,00      0,00     93,50
19:00:26        all      5,26      0,00      1,50      0,00      0,00     93,23
19:00:28        all      5,01      0,00      2,01      0,25      0,00     92,73
19:00:30        all     41,50      0,00     44,75      0,00      0,00     13,75
19:00:32        all     48,26      0,00     51,24      0,00      0,25      0,25
19:00:34        all     46,12      0,00     53,88      0,00      0,00      0,00
19:00:36        all     49,50      0,00     50,25      0,00      0,00      0,25
19:00:38        all     50,38      0,00     48,61      0,00      0,00      1,01
19:00:40        all     46,60      0,00     52,14      0,00      0,00      1,26
19:00:42        all     48,50      0,00     50,50      0,00      0,00      1,00
19:00:44        all     10,53      0,00      7,52      0,00      0,00     81,95
19:00:46        all      2,51      0,00      0,75      0,00      0,00     96,73
19:00:48        all      2,75      0,00      1,00      0,00      0,00     96,25
19:00:50        all      5,04      0,00      1,26      0,00      0,00     93,70
19:00:52        all      4,75      0,00      2,00      0,00      0,00     93,25
19:00:54        all      5,24      0,00      1,75      0,00      0,00     93,02
19:00:56        all      4,26      0,00      2,26      0,00      0,00     93,48
19:00:58        all      5,01      0,00      1,25      0,00      0,00     93,73
19:01:00        all      4,76      0,00      2,01      0,00      0,00     93,23
19:01:02        all      5,29      0,00      1,51      0,00      0,00     93,20
19:01:04        all     25,81      0,00     29,57      0,00      0,00     44,61
19:01:06        all     45,00      0,00     54,00      0,00      0,00      1,00
19:01:08        all     46,00      0,00     53,00      0,00      0,00      1,00
19:01:10        all     47,13      0,00     51,37      0,00      0,00      1,50
19:01:12        all     45,98      0,00     53,02      0,00      0,00      1,01
19:01:14        all     49,87      0,00     49,62      0,00      0,00      0,50
19:01:16        all     45,25      0,00     54,50      0,00      0,00      0,25
19:01:18        all     47,13      0,00     50,62      0,00      0,00      2,24
19:01:20        all     47,24      0,00     51,51      0,00      0,25      1,01
19:01:22        all     47,37      0,00     51,63      0,00      0,00      1,00
19:01:24        all     46,25      0,00     53,50      0,00      0,00      0,25
19:01:26        all     44,11      0,00     55,14      0,00      0,00      0,75
19:01:28        all     43,86      0,00     55,39      0,00      0,00      0,75
19:01:30        all     48,88      0,00     49,38      0,00      0,00      1,75
19:01:32        all     12,81      0,00      9,80      0,00      0,00     77,39
19:01:34        all      5,74      0,00      1,00      0,25      0,00     93,02
19:01:36        all      5,25      0,00      1,50      0,00      0,00     93,25
19:01:38        all      5,29      0,00      1,26      0,00      0,00     93,45
19:01:40        all      5,76      0,00      1,25      0,00      0,00     92,98
19:01:42        all      4,25      0,00      1,25      0,00      0,00     94,50
19:01:44        all      1,51      0,00      0,00      0,00      0,00     98,49
19:01:46        all      5,51      0,00      1,50      0,00      0,00     92,98
19:01:48        all      4,51      0,00      2,26      0,00      0,00     93,23
19:01:50        all      5,28      0,00      1,26      0,00      0,00     93,47
19:01:52        all     38,40      0,00     39,40      0,00      0,25     21,95
19:01:54        all     44,08      0,00     55,67      0,00      0,00      0,25
19:01:56        all     46,87      0,00     52,88      0,00      0,00      0,25
19:01:58        all     45,14      0,00     54,86      0,00      0,00      0,00
19:02:00        all     48,25      0,00     51,50      0,00      0,25      0,00
19:02:02        all     45,11      0,00     54,64      0,00      0,00      0,25
19:02:04        all     48,25      0,00     51,25      0,00      0,00      0,50
19:02:06        all     46,75      0,00     52,00      0,00      0,00      1,25
19:02:08        all     46,87      0,00     52,13      0,00      0,00      1,00
19:02:10        all     48,50      0,00     51,00      0,00      0,00      0,50
19:02:12        all     46,50      0,00     52,25      0,00      0,00      1,25
19:02:14        all     47,62      0,00     52,13      0,00      0,00      0,25
19:02:16        all     48,62      0,00     51,13      0,00      0,00      0,25
19:02:18        all     38,50      0,00     44,75      0,00      0,00     16,75
19:02:20        all      1,00      0,00      0,50      0,00      0,00     98,50
19:02:22        all      4,99      0,00      1,25      0,00      0,00     93,77
19:02:24        all      6,27      0,00      2,26      0,00      0,00     91,48
19:02:26        all      5,26      0,00      2,01      0,00      0,00     92,73
19:02:28        all      6,28      0,00      1,51      0,00      0,00     92,21
19:02:30        all      4,75      0,00      2,00      0,00      0,25     93,00
19:02:32        all      5,00      0,00      2,00      0,25      0,00     92,75
19:02:34        all      4,52      0,00      2,01      0,00      0,00     93,47
19:02:36        all      4,74      0,00      1,75      0,00      0,00     93,52
19:02:38        all      6,55      0,00      3,27      0,00      0,00     90,18
19:02:40        all     44,50      0,00     54,75      0,00      0,25      0,50
19:02:42        all     46,12      0,00     53,63      0,00      0,00      0,25
19:02:44        all     45,36      0,00     54,64      0,00      0,00      0,00
19:02:46        all     48,37      0,00     51,63      0,00      0,00      0,00
19:02:48        all     47,63      0,00     52,37      0,00      0,00      0,00
19:02:50        all     47,75      0,00     52,25      0,00      0,00      0,00
19:02:52        all     44,86      0,00     54,14      0,00      0,00      1,00
19:02:54        all     45,14      0,00     53,87      0,00      0,00      1,00
19:02:56        all     50,00      0,00     48,75      0,00      0,00      1,25
19:02:58        all     48,87      0,00     49,37      0,00      0,25      1,50
19:03:00        all     47,12      0,00     52,88      0,00      0,00      0,00
19:03:02        all     48,50      0,00     51,00      0,00      0,00      0,50
19:03:04        all     50,00      0,00     50,00      0,00      0,00      0,00
19:03:06        all     48,12      0,00     50,63      0,00      0,00      1,25
19:03:08        all      5,54      0,00      2,02      0,00      0,00     92,44
19:03:10        all      4,76      0,00      1,75      0,00      0,00     93,48
19:03:12        all      4,76      0,00      1,75      0,00      0,00     93,48
19:03:14        all      5,00      0,00      1,25      0,00      0,25     93,50
19:03:16        all      0,25      0,00      0,25      0,00      0,00     99,50
19:03:18        all      4,51      0,00      1,75      0,00      0,00     93,73
19:03:20        all      5,01      0,00      1,75      0,00      0,00     93,23
19:03:22        all      5,51      0,00      2,01      0,00      0,00     92,48
19:03:24        all      6,00      0,00      1,75      0,00      0,00     92,25
19:03:26        all      6,25      0,00      1,75      0,25      0,00     91,75
19:03:28        all      4,77      0,00      1,26      0,00      0,00     93,97
19:03:30        all      5,26      0,00      1,50      0,00      0,00     93,23
19:03:32        all      4,74      0,00      1,25      0,00      0,00     94,01
19:03:34        all      1,00      0,00      0,50      0,00      0,00     98,50
19:03:36        all      4,98      0,00      1,99      0,00      0,00     93,03
19:03:38        all      5,28      0,00      1,51      0,00      0,00     93,22
19:03:40        all      5,01      0,00      1,50      0,00      0,00     93,48
19:03:42        all      5,00      0,00      1,50      0,00      0,00     93,50
19:03:44        all      5,51      0,00      1,25      0,00      0,00     93,23
19:03:46        all      5,03      0,00      2,51      0,00      0,00     92,46
19:03:48        all      5,01      0,00      1,50      0,00      0,00     93,48
19:03:50        all      4,99      0,00      1,75      0,00      0,25     93,02
19:03:52        all      1,00      0,00      0,75      0,00      0,00     98,25
19:03:54        all      4,50      0,00      1,75      0,00      0,00     93,75
19:03:56        all      5,50      0,00      1,00      0,00      0,00     93,50
19:03:58        all      5,50      0,00      1,75      0,00      0,00     92,75
19:04:00        all      5,28      0,00      1,51      0,00      0,00     93,22
19:04:02        all      5,76      0,00      1,25      0,00      0,00     92,98
19:04:04        all      5,25      0,00      2,00      0,00      0,00     92,75
19:04:06        all      5,29      0,00      1,51      0,00      0,00     93,20
19:04:08        all      5,03      0,00      1,76      0,00      0,00     93,22
19:04:10        all      1,75      0,00      0,50      0,00      0,00     97,74
19:04:12        all      4,25      0,00      1,25      0,25      0,00     94,25
19:04:14        all      4,75      0,00      2,00      0,00      0,00     93,25
19:04:16        all      4,75      0,00      2,50      0,00      0,00     92,75
19:04:18        all      5,03      0,00      1,26      0,00      0,00     93,72
19:04:20        all      4,52      0,00      2,01      0,00      0,00     93,47
19:04:22        all      5,00      0,00      1,50      0,00      0,00     93,50
19:04:24        all      5,53      0,00      1,26      0,00      0,00     93,22
19:04:26        all      5,50      0,00      1,00      0,00      0,00     93,50
19:04:28        all      2,51      0,00      1,50      0,00      0,25     95,74
19:04:30        all      2,76      0,00      1,00      0,00      0,00     96,24
19:04:32        all      4,76      0,00      2,01      0,00      0,00     93,23
19:04:34        all      5,00      0,00      2,00      0,00      0,00     93,00
19:04:36        all      5,53      0,00      1,01      0,00      0,00     93,47
19:04:38        all      4,52      0,00      2,01      0,00      0,00     93,47
19:04:40        all      5,76      0,00      1,50      0,00      0,00     92,73
19:04:42        all      5,04      0,00      1,51      0,00      0,00     93,45
19:04:44        all      5,76      0,00      1,25      0,00      0,00     92,98
19:04:46        all      3,75      0,00      1,25      0,00      0,00     95,00
19:04:48        all      1,25      0,00      1,00      0,25      0,00     97,50
19:04:50        all      5,01      0,00      2,26      0,00      0,00     92,73
19:04:52        all      5,25      0,00      2,00      0,00      0,00     92,75
19:04:54        all      5,51      0,00      2,01      0,00      0,00     92,48
19:04:56        all      4,76      0,00      2,01      0,00      0,00     93,23
19:04:58        all      5,00      0,00      1,75      0,00      0,00     93,25
19:05:00        all      5,28      0,00      1,51      0,00      0,00     93,22
19:05:02        all      5,24      0,00      1,75      0,75      0,00     92,27
19:05:04        all      4,02      0,00      2,01      0,00      0,00     93,97
19:05:06        all      0,50      0,00      0,75      0,00      0,00     98,75
19:05:08        all      5,26      0,00      1,25      0,00      0,00     93,48
19:05:10        all      4,75      0,00      1,75      0,00      0,00     93,50
19:05:12        all      5,53      0,00      1,26      0,00      0,00     93,22
19:05:14        all      6,50      0,00      1,25      0,00      0,00     92,25
19:05:16        all      5,49      0,00      2,24      0,00      0,00     92,27
19:05:18        all      5,51      0,00      1,75      0,00      0,00     92,73
19:05:20        all      4,51      0,00      2,01      0,25      0,00     93,23
19:05:22        all      4,77      0,00      1,51      0,00      0,00     93,72
19:05:24        all      1,25      0,00      0,50      0,00      0,00     98,25
19:05:26        all      4,99      0,00      2,00      0,00      0,25     92,77
19:05:28        all      4,77      0,00      1,51      0,00      0,00     93,72
19:05:30        all      5,25      0,00      1,50      0,00      0,00     93,25
19:05:32        all      4,27      0,00      1,51      0,00      0,00     94,22
19:05:34        all      4,75      0,00      1,50      0,00      0,00     93,75
19:05:36        all      5,51      0,00      1,50      0,00      0,00     92,98
19:05:38        all      4,51      0,00      1,75      0,00      0,00     93,73
19:05:40        all      4,27      0,00      1,01      0,00      0,00     94,72
19:05:42        all      0,75      0,00      0,25      0,00      0,00     99,00
19:05:44        all      5,26      0,00      1,25      0,00      0,00     93,48
19:05:46        all      4,26      0,00      2,01      0,00      0,00     93,73
19:05:48        all      5,25      0,00      1,50      0,00      0,00     93,25
19:05:50        all      4,28      0,00      2,02      0,00      0,00     93,70
19:05:52        all      5,25      0,00      1,25      0,00      0,00     93,50
19:05:54        all      4,26      0,00      2,26      0,00      0,00     93,48
19:05:56        all      5,03      0,00      1,26      0,00      0,00     93,72
19:05:58        all      4,00      0,00      1,00      0,00      0,00     95,00
19:06:00        all      1,26      0,00      0,00      0,00      0,00     98,74
19:06:02        all      5,28      0,00      1,51      0,00      0,00     93,22
19:06:04        all      6,00      0,00      1,75      0,00      0,00     92,25
19:06:06        all      5,00      0,00      1,50      0,00      0,00     93,50
19:06:08        all      4,51      0,00      1,75      0,00      0,00     93,73
19:06:10        all      4,99      0,00      1,25      0,00      0,00     93,77
19:06:12        all      5,50      0,00      1,50      0,25      0,00     92,75
19:06:14        all      5,25      0,00      0,75      0,00      0,25     93,75
19:06:16        all      2,50      0,00      1,00      0,00      0,00     96,50
19:06:18        all      2,26      0,00      0,50      0,00      0,00     97,24
19:06:20        all      5,49      0,00      1,25      0,00      0,00     93,27
19:06:22        all      5,00      0,00      1,50      0,00      0,00     93,50
19:06:24        all      5,51      0,00      1,25      0,00      0,00     93,23
19:06:26        all      5,49      0,00      1,75      0,00      0,00     92,77
19:06:28        all      4,51      0,00      1,75      0,00      0,00     93,73
19:06:30        all      5,51      0,00      1,00      0,25      0,00     93,23
19:06:32        all      5,00      0,00      1,00      0,00      0,00     94,00
19:06:34        all      2,51      0,00      0,75      0,00      0,00     96,74
19:06:36        all      2,50      0,00      1,25      0,00      0,00     96,25
19:06:38        all      5,03      0,00      1,26      0,00      0,00     93,72
19:06:40        all      4,48      0,00      1,74      0,00      0,25     93,53
19:06:42        all      4,76      0,00      1,75      0,00      0,00     93,48
19:06:44        all      4,52      0,00      1,26      0,00      0,00     94,22
19:06:46        all      5,75      0,00      1,25      0,00      0,00     93,00
19:06:48        all      4,27      0,00      1,76      0,00      0,00     93,97
19:06:50        all      5,76      0,00      2,01      0,00      0,00     92,23
19:06:52        all      1,25      0,00      0,50      0,00      0,00     98,25
19:06:54        all      3,51      0,00      0,75      0,00      0,00     95,74
19:06:56        all      5,25      0,00      1,00      0,00      0,00     93,75
19:06:58        all      4,76      0,00      1,00      0,00      0,00     94,24
19:07:00        all      5,00      0,00      1,00      0,00      0,00     94,00
19:07:02        all      5,26      0,00      1,00      0,00      0,00     93,73
19:07:04        all      4,51      0,00      1,50      0,00      0,00     93,98
19:07:06        all      4,75      0,00      1,25      0,25      0,00     93,75
19:07:08        all      5,76      0,00      1,00      0,00      0,00     93,23
19:07:10        all      2,76      0,00      1,00      0,00      0,00     96,24
19:07:12        all      2,25      0,00      0,50      0,00      0,00     97,25
19:07:14        all      5,25      0,00      1,50      0,00      0,00     93,25
19:07:16        all      5,26      0,00      1,25      0,00      0,00     93,48
19:07:18        all      4,51      0,00      1,25      0,00      0,00     94,24
19:07:20        all      4,76      0,00      1,50      0,00      0,00     93,73
19:07:22        all      4,51      0,00      1,25      0,00      0,00     94,24
19:07:24        all      4,52      0,00      1,51      0,00      0,00     93,97
19:07:26        all      4,26      0,00      1,50      0,00      0,00     94,24
19:07:28        all      4,00      0,00      1,25      0,00      0,00     94,75
19:07:30        all      1,00      0,00      0,25      0,00      0,00     98,75
19:07:32        all      5,50      0,00      1,25      0,00      0,00     93,25
19:07:34        all      4,50      0,00      2,00      0,00      0,00     93,50
19:07:36        all      5,03      0,00      1,01      0,00      0,00     93,97
19:07:38        all      5,00      0,00      1,25      0,00      0,00     93,75
19:07:40        all      5,03      0,00      0,75      0,00      0,00     94,22
19:07:42        all      4,49      0,00      2,00      0,25      0,00     93,27
19:07:44        all      5,00      0,00      1,75      0,00      0,00     93,25
19:07:46        all      4,00      0,00      1,75      0,00      0,00     94,25
19:07:48        all      0,50      0,00      0,00      0,00      0,00     99,50
19:07:50        all      4,00      0,00      2,00      0,00      0,00     94,00
19:07:52        all      4,27      0,00      1,51      0,00      0,00     94,22
19:07:54        all      6,53      0,00      0,75      0,00      0,00     92,71
19:07:56        all      5,26      0,00      1,25      0,00      0,00     93,48
19:07:58        all      4,25      0,00      2,25      0,25      0,00     93,25
19:08:00        all      5,53      0,00      1,51      0,00      0,00     92,96
19:08:02        all      4,75      0,00      1,25      0,00      0,00     94,00
19:08:04        all      4,00      0,00      1,50      0,00      0,25     94,25
19:08:06        all      1,00      0,00      0,00      0,00      0,00     99,00

Media:          all     13,02      0,00     15,43      0,02      0,03     71,50
