Linux 4.4.0-112-generic (virtual) 	15/03/18 	_x86_64_	(2 CPU)

00:27:53        CPU     %user     %nice   %system   %iowait    %steal     %idle
00:27:55        all      5,03      0,00      0,75      0,00      0,00     94,22
00:27:57        all      5,00      0,00      1,50      0,00      0,00     93,50
00:27:59        all      7,02      0,00      9,52      0,25      0,00     83,21
00:28:01        all      4,76      0,00      1,50      0,00      0,00     93,73
00:28:03        all      4,75      0,00      1,75      0,00      0,00     93,50
00:28:05        all      4,77      0,00      1,26      0,00      0,00     93,97
00:28:07        all      5,26      0,00      0,75      0,00      0,00     93,98
00:28:09        all      1,00      0,00      0,25      0,00      0,00     98,75
00:28:11        all      5,01      0,00      0,75      0,00      0,25     93,98
00:28:13        all      4,51      0,00      1,75      0,00      0,00     93,73
00:28:15        all      4,25      0,00      1,75      0,00      0,00     94,00
00:28:17        all      4,00      0,00      1,75      0,00      0,00     94,25
00:28:19        all      7,05      0,00      7,81      0,00      0,00     85,14
00:28:21        all      4,75      0,00      1,75      0,00      0,00     93,50
00:28:23        all      4,26      0,00      1,50      0,00      0,00     94,24
00:28:25        all      4,75      0,00      1,75      0,00      0,00     93,50
00:28:27        all      1,75      0,00      1,00      0,00      0,00     97,24
00:28:29        all      3,00      0,00      1,25      0,00      0,00     95,75
00:28:31        all      4,52      0,00      1,51      0,00      0,00     93,97
00:28:33        all      4,99      0,00      1,50      0,00      0,00     93,52
00:28:35        all      4,77      0,00      1,01      0,00      0,00     94,22
00:28:37        all      4,50      0,00      1,50      0,00      0,00     94,00
00:28:39        all     17,22      0,00     29,37      0,00      0,00     53,42
00:28:41        all      6,00      0,00      4,25      0,25      0,00     89,50
00:28:43        all      4,76      0,00      1,25      0,00      0,00     93,98
00:28:45        all      3,27      0,00      1,01      0,00      0,00     95,73
00:28:47        all      1,51      0,00      0,25      0,00      0,00     98,24
00:28:49        all      4,73      0,00      1,74      0,00      0,00     93,53
00:28:51        all      5,03      0,00      0,75      0,00      0,00     94,22
00:28:53        all      5,01      0,00      1,00      0,00      0,00     93,98
00:28:55        all      5,74      0,00      1,25      0,00      0,00     93,02
00:28:57        all      4,77      0,00      1,26      0,00      0,00     93,97
00:28:59        all      5,51      0,00      1,75      0,00      0,00     92,73
00:29:01        all     19,80      0,00     31,08      0,00      0,25     48,87
00:29:03        all      2,76      0,00      0,75      0,00      0,00     96,48
00:29:05        all      3,51      0,00      0,75      0,00      0,00     95,74
00:29:07        all      5,76      0,00      1,50      0,00      0,00     92,73
00:29:09        all      5,75      0,00      1,00      0,00      0,00     93,25
00:29:11        all      5,28      0,00      1,01      0,00      0,00     93,72
00:29:13        all      5,01      0,00      1,25      0,00      0,00     93,73
00:29:15        all      4,75      0,00      1,50      0,25      0,00     93,50
00:29:17        all      4,77      0,00      1,26      0,00      0,00     93,97
00:29:19        all      4,76      0,00      1,50      0,00      0,00     93,73
00:29:21        all      2,51      0,00      2,26      0,00      0,00     95,24
00:29:23        all     20,77      0,00     42,82      0,00      0,00     36,41
00:29:25        all     13,43      0,00     16,92      0,00      0,00     69,65
00:29:27        all      4,77      0,00      1,51      0,00      0,00     93,72
00:29:29        all      5,01      0,00      1,75      0,00      0,00     93,23
00:29:31        all      4,75      0,00      2,25      0,00      0,00     93,00
00:29:33        all      4,77      0,00      1,01      0,00      0,00     94,22
00:29:35        all      4,99      0,00      1,25      0,00      0,25     93,52
00:29:37        all      4,26      0,00      1,25      0,00      0,00     94,49
00:29:39        all      1,00      0,00      0,25      0,00      0,00     98,75
00:29:41        all      5,00      0,00      2,00      0,00      0,00     93,00
00:29:43        all      5,03      0,00      0,75      0,00      0,00     94,22
00:29:45        all     20,25      0,00     32,91      0,00      0,00     46,84
00:29:47        all     18,18      0,00     29,73      0,25      0,00     51,84
00:29:49        all      5,75      0,00      2,25      0,00      0,00     92,00
00:29:51        all      6,02      0,00      1,25      0,00      0,00     92,73
00:29:53        all      4,76      0,00      1,50      0,00      0,00     93,73
00:29:55        all      3,01      0,00      0,75      0,00      0,00     96,24
00:29:57        all      2,26      0,00      0,25      0,00      0,00     97,49
00:29:59        all      5,26      0,00      1,00      0,00      0,00     93,73
00:30:01        all      4,75      0,00      2,00      0,00      0,00     93,25
00:30:03        all      5,00      0,00      1,50      0,00      0,00     93,50
00:30:05        all      5,00      0,00      1,25      0,00      0,00     93,75
00:30:07        all      5,51      0,00      0,75      0,00      0,00     93,73
00:30:09        all     27,09      0,00     51,65      0,25      0,25     20,76
00:30:11        all     26,40      0,00     48,22      0,00      0,25     25,13
00:30:13        all     30,37      0,00     51,60      0,00      0,00     18,02
00:30:15        all     30,63      0,00     53,92      0,00      0,00     15,44
00:30:17        all     29,26      0,00     56,74      0,00      0,25     13,74
00:30:19        all     30,90      0,00     51,51      0,00      0,00     17,59
00:30:21        all      5,76      0,00      1,75      0,00      0,00     92,48
00:30:23        all      4,76      0,00      2,26      0,00      0,00     92,98
00:30:25        all      5,04      0,00      1,76      0,00      0,00     93,20
00:30:27        all      2,76      0,00      0,75      0,00      0,00     96,48
00:30:29        all      2,26      0,00      0,75      0,00      0,00     96,98
00:30:31        all      4,75      0,00      2,75      0,00      0,00     92,50
00:30:33        all      6,05      0,00      1,26      0,00      0,00     92,70
00:30:35        all      5,76      0,00      1,25      0,00      0,00     92,98
00:30:37        all      5,01      0,00      1,50      0,00      0,00     93,48
00:30:39        all      5,28      0,00      1,26      0,00      0,00     93,47
00:30:41        all     30,20      0,00     48,48      0,25      0,25     20,81
00:30:43        all     28,97      0,00     51,39      0,00      0,00     19,65
00:30:45        all     28,25      0,00     55,25      0,00      0,00     16,50
00:30:47        all     30,50      0,00     56,50      0,00      0,25     12,75
00:30:49        all     29,72      0,00     58,44      0,00      0,00     11,84
00:30:51        all     35,03      0,00     55,58      0,00      0,25      9,14
00:30:53        all     10,08      0,00     10,83      0,00      0,00     79,09
00:30:55        all      5,24      0,00      2,74      0,00      0,00     92,02
00:30:57        all      5,28      0,00      1,51      0,25      0,00     92,96
00:30:59        all      1,50      0,00      0,50      0,00      0,00     97,99
00:31:01        all      4,01      0,00      1,00      0,00      0,00     94,99
00:31:03        all      4,51      0,00      2,01      0,00      0,00     93,48
00:31:05        all      4,76      0,00      1,75      0,00      0,00     93,48
00:31:07        all      5,25      0,00      1,75      0,00      0,00     93,00
00:31:09        all      5,26      0,00      1,75      0,00      0,00     92,98
00:31:11        all      5,25      0,00      1,25      0,00      0,00     93,50
00:31:13        all     26,26      0,00     42,68      0,00      0,25     30,81
00:31:15        all     32,23      0,00     55,24      0,00      0,26     12,28
00:31:17        all     25,89      0,00     56,85      0,00      0,25     17,01
00:31:19        all     32,58      0,00     56,14      0,25      0,00     11,03
00:31:21        all     32,99      0,00     56,85      0,00      0,25      9,90
00:31:23        all     30,10      0,00     50,51      0,00      0,00     19,39
00:31:25        all     10,75      0,00     10,25      0,00      0,00     79,00
00:31:27        all      4,74      0,00      2,24      0,00      0,00     93,02
00:31:29        all      5,26      0,00      1,50      0,00      0,00     93,23
00:31:31        all      5,76      0,00      2,26      0,00      0,00     91,98
00:31:33        all      0,75      0,00      0,50      0,00      0,00     98,75
00:31:35        all      5,00      0,00      1,75      0,00      0,00     93,25
00:31:37        all      4,77      0,00      2,01      0,00      0,00     93,22
00:31:39        all      5,50      0,00      1,25      0,00      0,00     93,25
00:31:41        all      4,00      0,00      3,00      0,00      0,25     92,75
00:31:43        all      4,50      0,00      2,25      0,00      0,00     93,25
00:31:45        all     24,44      0,00     42,14      0,00      0,00     33,42
00:31:47        all     32,41      0,00     54,52      0,00      0,25     12,81
00:31:49        all     27,81      0,00     59,69      0,26      0,00     12,24
00:31:51        all     29,29      0,00     58,59      0,00      0,00     12,12
00:31:53        all     31,91      0,00     55,03      0,00      0,25     12,81
00:31:55        all     31,66      0,00     55,03      0,00      0,25     13,07
00:31:57        all     30,40      0,00     51,76      0,00      0,25     17,59
00:31:59        all     31,00      0,00     56,25      0,00      0,00     12,75
00:32:01        all     30,95      0,00     54,73      0,00      0,26     14,07
00:32:03        all     31,42      0,00     55,61      0,00      0,00     12,97
00:32:05        all     29,90      0,00     51,01      0,00      0,25     18,84
00:32:07        all     30,35      0,00     52,24      0,00      0,00     17,41
00:32:09        all      9,55      0,00      8,04      0,00      0,00     82,41
00:32:11        all      6,03      0,00      1,51      0,00      0,00     92,46
00:32:13        all      5,51      0,00      1,50      0,00      0,00     92,98
00:32:15        all      5,26      0,00      1,50      0,25      0,00     92,98
00:32:17        all      4,76      0,00      2,01      0,00      0,00     93,23
00:32:19        all      4,27      0,00      1,76      0,00      0,00     93,97
00:32:21        all      1,74      0,00      1,24      0,00      0,25     96,77
00:32:23        all      5,54      0,00      1,76      0,00      0,00     92,70
00:32:25        all      5,03      0,00      1,76      0,00      0,00     93,22
00:32:27        all      5,28      0,00      1,76      0,00      0,00     92,96
00:32:29        all     27,71      0,00     43,07      0,00      0,00     29,22
00:32:31        all     32,33      0,00     53,38      0,00      0,00     14,29
00:32:33        all     34,84      0,00     53,88      0,00      0,25     11,03
00:32:35        all     27,84      0,00     53,61      0,26      0,00     18,30
00:32:37        all     31,90      0,00     57,72      0,00      0,25     10,13
00:32:39        all     31,23      0,00     55,42      0,00      0,00     13,35
00:32:41        all     33,75      0,00     55,42      0,00      0,00     10,83
00:32:43        all     31,83      0,00     53,88      0,00      0,00     14,29
00:32:45        all     33,25      0,00     59,39      0,00      0,00      7,36
00:32:47        all     30,46      0,00     58,63      0,25      0,00     10,66
00:32:49        all     30,56      0,00     59,34      0,00      0,00     10,10
00:32:51        all     33,93      0,00     53,57      0,26      0,26     11,99
00:32:53        all      9,55      0,00     12,31      0,25      0,00     77,89
00:32:55        all      5,00      0,00      2,00      0,00      0,00     93,00
00:32:57        all      5,29      0,00      1,26      0,00      0,00     93,45
00:32:59        all      5,51      0,00      2,01      0,00      0,00     92,48
00:33:01        all      5,50      0,00      1,75      0,00      0,00     92,75
00:33:03        all      4,00      0,00      2,00      0,00      0,00     94,00
00:33:05        all      0,75      0,00      1,00      0,00      0,00     98,25
00:33:07        all      5,00      0,00      1,75      0,25      0,00     93,00
00:33:09        all      5,26      0,00      1,50      0,00      0,00     93,23
00:33:11        all      5,01      0,00      1,75      0,00      0,00     93,23
00:33:13        all     26,07      0,00     41,10      0,00      0,25     32,58
00:33:15        all     33,08      0,00     54,04      0,00      0,00     12,88
00:33:17        all     30,61      0,00     55,36      0,00      0,00     14,03
00:33:19        all     29,25      0,00     57,25      0,00      0,00     13,50
00:33:21        all     33,25      0,00     54,22      0,00      0,00     12,53
00:33:23        all     37,25      0,00     53,75      0,00      0,25      8,75
00:33:25        all     32,75      0,00     54,66      0,00      0,00     12,59
00:33:27        all     32,74      0,00     55,58      0,00      0,00     11,68
00:33:29        all     31,73      0,00     56,85      0,00      0,00     11,42
00:33:31        all     30,73      0,00     53,90      0,00      0,00     15,37
00:33:33        all     27,68      0,00     57,11      0,00      0,00     15,21
00:33:35        all     28,68      0,00     59,64      0,00      0,00     11,68
00:33:37        all     14,96      0,00     20,45      0,00      0,25     64,34
00:33:39        all      4,79      0,00      1,76      0,00      0,00     93,45
00:33:41        all      5,01      0,00      1,75      0,00      0,00     93,23
00:33:43        all      5,25      0,00      1,75      0,00      0,00     93,00
00:33:45        all      5,01      0,00      1,75      0,00      0,00     93,23
00:33:47        all      5,01      0,00      1,25      0,00      0,00     93,73
00:33:49        all      4,51      0,00      0,75      0,25      0,00     94,49
00:33:51        all      1,75      0,00      0,75      0,00      0,00     97,49
00:33:53        all      4,52      0,00      2,26      0,00      0,00     93,22
00:33:55        all      4,99      0,00      2,00      0,00      0,00     93,02
00:33:57        all      8,59      0,00      9,09      0,00      0,00     82,32
00:33:59        all      5,51      0,00      1,75      0,00      0,00     92,73
00:34:01        all      5,75      0,00      2,00      0,00      0,00     92,25
00:34:03        all      5,03      0,00      1,26      0,00      0,00     93,72
00:34:05        all      5,49      0,00      1,75      0,00      0,00     92,77
00:34:07        all      3,77      0,00      1,76      0,00      0,00     94,47
00:34:09        all      1,25      0,00      0,50      0,00      0,00     98,25
00:34:11        all      5,51      0,00      1,50      0,00      0,00     92,98
00:34:13        all      5,79      0,00      1,01      0,00      0,00     93,20
00:34:15        all      5,25      0,00      1,50      0,00      0,00     93,25
00:34:17        all      8,35      0,00      7,85      0,00      0,00     83,80
00:34:19        all      5,25      0,00      1,75      0,00      0,00     93,00
00:34:21        all      5,28      0,00      1,01      0,00      0,00     93,72
00:34:23        all      5,00      0,00      1,50      0,00      0,00     93,50
00:34:25        all      5,49      0,00      1,75      0,00      0,00     92,77
00:34:27        all      0,50      0,00      0,75      0,00      0,00     98,75
00:34:29        all      4,25      0,00      1,50      0,25      0,00     94,00
00:34:31        all      5,51      0,00      1,50      0,00      0,00     92,98
00:34:33        all      5,01      0,00      1,75      0,00      0,00     93,23
00:34:35        all      6,28      0,00      1,51      0,00      0,00     92,21
00:34:37        all     14,50      0,00     17,50      0,00      0,00     68,00
00:34:39        all     13,57      0,00     17,59      0,00      0,00     68,84
00:34:41        all      5,51      0,00      2,01      0,00      0,00     92,48
00:34:43        all      4,75      0,00      1,00      0,00      0,00     94,25
00:34:45        all      1,26      0,00      1,01      0,00      0,00     97,74
00:34:47        all      5,76      0,00      1,25      0,00      0,00     92,98
00:34:49        all      5,25      0,00      2,00      0,00      0,00     92,75
00:34:51        all      5,28      0,00      1,76      0,00      0,00     92,96
00:34:53        all      5,25      0,00      1,50      0,00      0,00     93,25
00:34:55        all      5,01      0,00      1,75      0,00      0,00     93,23
00:34:57        all      5,53      0,00      0,75      0,00      0,00     93,72
00:34:59        all     22,73      0,00     30,81      0,25      0,00     46,21
00:35:01        all      2,24      0,00      1,00      0,00      0,25     96,51
00:35:03        all      3,53      0,00      1,01      0,00      0,00     95,47
00:35:05        all      4,75      0,00      2,00      0,00      0,00     93,25
00:35:07        all      5,76      0,00      1,25      0,00      0,00     92,98
00:35:09        all      4,79      0,00      1,51      0,00      0,00     93,70
00:35:11        all      5,00      0,00      1,75      0,00      0,00     93,25
00:35:13        all      5,75      0,00      1,00      0,00      0,00     93,25
00:35:15        all      5,29      0,00      1,01      0,00      0,00     93,70
00:35:17        all      6,02      0,00      1,50      0,00      0,00     92,48
00:35:19        all      2,74      0,00      1,50      0,00      0,00     95,76
00:35:21        all     25,13      0,00     45,48      0,00      0,00     29,40
00:35:23        all     15,84      0,00     22,03      0,00      0,00     62,13
00:35:25        all      5,75      0,00      1,50      0,00      0,00     92,75
00:35:27        all      5,50      0,00      1,75      0,00      0,00     92,75
00:35:29        all      5,51      0,00      1,25      0,00      0,00     93,23
00:35:31        all      5,53      0,00      1,51      0,00      0,00     92,96
00:35:33        all      5,50      0,00      1,75      0,25      0,00     92,50
00:35:35        all      5,00      0,00      1,25      0,00      0,00     93,75
00:35:37        all      0,75      0,00      0,50      0,00      0,00     98,75
00:35:39        all      5,26      0,00      1,50      0,00      0,00     93,23
00:35:41        all      5,49      0,00      1,50      0,00      0,25     92,77
00:35:43        all     15,29      0,00     25,06      0,00      0,00     59,65
00:35:45        all     24,81      0,00     42,43      0,00      0,00     32,75
00:35:47        all      5,28      0,00      1,01      0,00      0,00     93,72
00:35:49        all      5,74      0,00      1,50      0,00      0,00     92,77
00:35:51        all      4,76      0,00      2,01      0,00      0,00     93,23
00:35:53        all      0,25      0,00      0,75      0,25      0,00     98,75
00:35:55        all      4,76      0,00      1,75      0,00      0,00     93,48
00:35:57        all      5,50      0,00      1,50      0,00      0,00     93,00
00:35:59        all      4,51      0,00      2,01      0,00      0,00     93,48
00:36:01        all      5,51      0,00      1,25      0,00      0,00     93,23
00:36:03        all      6,03      0,00      1,51      0,00      0,00     92,46
00:36:05        all      6,50      0,00      6,25      0,00      0,00     87,25
00:36:07        all     26,90      0,00     46,19      0,00      0,00     26,90
00:36:09        all     22,16      0,00     52,06      0,00      0,00     25,77
00:36:11        all     27,81      0,00     50,77      0,00      0,26     21,17
00:36:13        all     27,37      0,00     46,80      0,00      0,00     25,83
00:36:15        all     23,76      0,00     51,17      0,00      0,00     25,07
00:36:17        all     28,24      0,00     49,87      0,00      0,25     21,63
00:36:19        all     17,95      0,00     22,05      0,00      0,00     60,00
00:36:21        all      6,00      0,00      1,75      0,25      0,00     92,00
00:36:23        all      5,01      0,00      1,25      0,00      0,00     93,73
00:36:25        all      1,00      0,00      1,25      0,00      0,00     97,74
00:36:27        all      4,00      0,00      1,25      0,00      0,00     94,75
00:36:29        all      5,54      0,00      1,51      0,00      0,00     92,95
00:36:31        all      5,75      0,00      2,00      0,00      0,00     92,25
00:36:33        all      5,75      0,00      1,00      0,00      0,00     93,25
00:36:35        all      4,53      0,00      2,02      0,00      0,00     93,45
00:36:37        all      4,52      0,00      2,01      0,00      0,00     93,47
00:36:39        all     15,58      0,00     19,35      0,00      0,00     65,08
00:36:41        all     25,65      0,00     44,30      0,00      0,00     30,05
00:36:43        all     22,47      0,00     44,19      0,00      0,25     33,08
00:36:45        all     27,78      0,00     48,48      0,00      0,00     23,74
00:36:47        all     31,00      0,00     49,00      0,00      0,00     20,00
00:36:49        all     30,30      0,00     50,25      0,00      0,25     19,19
00:36:51        all     31,11      0,00     53,21      0,00      0,00     15,68
00:36:53        all     17,97      0,00     26,58      0,00      0,00     55,44
00:36:55        all      5,53      0,00      0,75      0,00      0,00     93,72
00:36:57        all      4,26      0,00      1,25      0,00      0,00     94,49
00:36:59        all      1,00      0,00      0,50      0,00      0,00     98,50
00:37:01        all      5,03      0,00      2,01      0,00      0,00     92,96
00:37:03        all      4,75      0,00      2,00      0,25      0,00     93,00
00:37:05        all      5,50      0,00      1,75      0,00      0,00     92,75
00:37:07        all      5,00      0,00      2,00      0,00      0,00     93,00
00:37:09        all      4,77      0,00      1,76      0,00      0,00     93,47
00:37:11        all      4,76      0,00      2,26      0,00      0,00     92,98
00:37:13        all     15,70      0,00     20,51      0,00      0,00     63,80
00:37:15        all     29,20      0,00     47,29      0,00      0,00     23,51
00:37:17        all     29,34      0,00     48,98      0,00      0,26     21,43
00:37:19        all     29,37      0,00     53,42      0,00      0,00     17,22
00:37:21        all     32,15      0,00     52,15      0,00      0,00     15,70
00:37:23        all     27,53      0,00     53,25      0,00      0,26     18,96
00:37:25        all     30,46      0,00     51,78      0,00      0,00     17,77
00:37:27        all      5,00      0,00      3,50      0,00      0,00     91,50
00:37:29        all      5,74      0,00      1,75      0,00      0,00     92,52
00:37:31        all      1,26      0,00      1,26      0,00      0,00     97,49
00:37:33        all      3,75      0,00      1,50      0,00      0,00     94,75
00:37:35        all      5,51      0,00      2,51      0,00      0,00     91,98
00:37:37        all      5,51      0,00      1,50      0,00      0,00     92,98
00:37:39        all      4,76      0,00      2,01      0,00      0,00     93,23
00:37:41        all      5,25      0,00      2,25      0,00      0,00     92,50
00:37:43        all      5,00      0,00      1,50      0,25      0,00     93,25
00:37:45        all      4,77      0,00      1,51      0,00      0,00     93,72
00:37:47        all     29,01      0,00     49,11      0,00      0,00     21,88
00:37:49        all     29,18      0,00     61,10      0,00      0,00      9,73
00:37:51        all     31,23      0,00     54,91      0,00      0,00     13,85
00:37:53        all     28,93      0,00     47,97      0,00      0,25     22,84
00:37:55        all     22,65      0,00     36,90      0,00      0,00     40,46
00:37:57        all     28,50      0,00     46,06      0,00      0,25     25,19
00:37:59        all     26,62      0,00     41,29      0,00      0,00     32,09
00:38:01        all     20,10      0,00     42,46      0,00      0,00     37,44
00:38:03        all     26,09      0,00     41,94      0,00      0,00     31,97
00:38:05        all     27,34      0,00     44,30      0,00      0,00     28,35
00:38:07        all     28,50      0,00     46,50      0,00      0,00     25,00
00:38:09        all     27,71      0,00     39,04      0,00      0,25     33,00
00:38:11        all     27,55      0,00     44,90      0,00      0,00     27,55
00:38:13        all     21,23      0,00     44,25      0,26      0,00     34,27
00:38:15        all     26,25      0,00     43,25      0,00      0,00     30,50
00:38:17        all      5,53      0,00      1,51      0,00      0,00     92,96
00:38:19        all      5,26      0,00      1,50      0,00      0,00     93,23
00:38:21        all      5,26      0,00      1,25      0,00      0,25     93,23
00:38:23        all      6,00      0,00      1,25      0,00      0,00     92,75
00:38:25        all      5,51      0,00      2,01      0,00      0,00     92,48
00:38:27        all      7,29      0,00      1,76      0,00      0,00     90,95
00:38:29        all      1,25      0,00      1,00      0,00      0,00     97,75
00:38:31        all      5,78      0,00      1,01      0,00      0,00     93,22
00:38:33        all      6,25      0,00      1,75      0,00      0,00     92,00
00:38:35        all      6,53      0,00      3,02      0,00      0,00     90,45
00:38:37        all     28,72      0,00     49,37      0,00      0,00     21,91
00:38:39        all     27,74      0,00     53,94      0,00      0,00     18,32
00:38:41        all     30,63      0,00     56,96      0,00      0,00     12,41
00:38:43        all     28,75      0,00     54,45      0,00      0,00     16,79
00:38:45        all     34,92      0,00     58,29      0,00      0,00      6,78
00:38:47        all     34,76      0,00     52,64      0,00      0,00     12,59
00:38:49        all     28,43      0,00     53,30      0,00      0,00     18,27
00:38:51        all     32,65      0,00     53,57      0,00      0,26     13,52
00:38:53        all     28,46      0,00     50,13      0,00      0,00     21,41
00:38:55        all     31,81      0,00     52,16      0,25      0,00     15,78
00:38:57        all     29,62      0,00     53,92      0,00      0,00     16,46
00:38:59        all     29,64      0,00     54,12      0,00      0,26     15,98
00:39:01        all     21,37      0,00     27,74      0,00      0,00     50,89
00:39:03        all      6,53      0,00      5,03      0,00      0,00     88,44
00:39:05        all      5,00      0,00      2,00      0,00      0,00     93,00
00:39:07        all      4,51      0,00      2,26      0,00      0,00     93,23
00:39:09        all      5,25      0,00      1,50      0,00      0,00     93,25
00:39:11        all      4,75      0,00      2,00      0,00      0,00     93,25
00:39:13        all      2,51      0,00      2,01      0,00      0,00     95,49
00:39:15        all      2,74      0,00      0,75      0,00      0,00     96,51
00:39:17        all      5,53      0,00      1,26      0,00      0,00     93,22
00:39:19        all      5,53      0,00      1,76      0,00      0,00     92,71
00:39:21        all     14,82      0,00     17,34      0,00      0,00     67,84
00:39:23        all     29,72      0,00     48,11      0,00      0,25     21,91
00:39:25        all     27,89      0,00     53,27      0,50      0,00     18,34
00:39:27        all     29,43      0,00     54,61      0,00      0,00     15,96
00:39:29        all     30,20      0,00     53,81      0,00      0,25     15,74
00:39:31        all     29,02      0,00     53,63      0,00      0,00     17,36
00:39:33        all     30,05      0,00     54,15      0,00      0,00     15,80
00:39:35        all     32,58      0,00     54,29      0,00      0,00     13,13
00:39:37        all     31,30      0,00     56,49      0,00      0,00     12,21
00:39:39        all     33,50      0,00     53,00      0,00      0,00     13,50
00:39:41        all     29,01      0,00     52,42      0,00      0,00     18,58
00:39:43        all     32,66      0,00     53,67      0,00      0,00     13,67
00:39:45        all     25,19      0,00     53,65      0,00      0,00     21,16
00:39:47        all     17,25      0,00     33,00      1,75      0,25     47,75
00:39:49        all      6,02      0,00      1,75      0,00      0,00     92,23
00:39:51        all      5,51      0,00      1,00      0,00      0,00     93,48
00:39:53        all      5,26      0,00      2,01      0,00      0,00     92,73
00:39:55        all      5,01      0,00      1,50      0,00      0,00     93,48
00:39:57        all      5,53      0,00      1,51      0,00      0,00     92,96
00:39:59        all      2,00      0,00      1,25      0,25      0,00     96,50
00:40:01        all      3,50      0,00      0,75      0,00      0,00     95,75
00:40:03        all      5,01      0,00      2,26      0,00      0,00     92,73
00:40:05        all      4,75      0,00      1,75      0,25      0,00     93,25
00:40:07        all     13,53      0,00     10,28      0,00      0,00     76,19
00:40:09        all      5,01      0,00      2,01      0,00      0,00     92,98
00:40:11        all      4,52      0,00      1,76      0,00      0,00     93,72
00:40:13        all      5,04      0,00      1,51      0,00      0,00     93,45
00:40:15        all      5,25      0,00      1,50      0,00      0,00     93,25
00:40:17        all      3,01      0,00      1,25      0,00      0,00     95,74
00:40:19        all      2,26      0,00      0,75      0,00      0,00     96,99
00:40:21        all      5,75      0,00      1,50      0,00      0,25     92,50
00:40:23        all      4,75      0,00      2,00      0,00      0,00     93,25
00:40:25        all      5,75      0,00      1,25      0,00      0,00     93,00
00:40:27        all     18,75      0,00     16,50      0,00      0,00     64,75
00:40:29        all     24,50      0,00     23,75      0,00      0,00     51,75
00:40:31        all      5,76      0,00      1,25      0,00      0,00     92,98
00:40:33        all      5,26      0,00      1,75      0,00      0,00     92,98
00:40:35        all      3,01      0,00      1,75      0,00      0,00     95,24
00:40:37        all      2,00      0,00      0,75      0,00      0,00     97,26
00:40:39        all      4,26      0,00      2,51      0,00      0,00     93,23
00:40:41        all      4,99      0,00      1,75      0,00      0,00     93,27
00:40:43        all      5,29      0,00      1,26      0,00      0,00     93,45
00:40:45        all      4,26      0,00      2,51      0,25      0,00     92,98
00:40:47        all      5,26      0,00      1,75      0,00      0,00     92,98
00:40:49        all     30,75      0,00     26,50      0,00      0,00     42,75
00:40:51        all     12,72      0,00     11,72      0,00      0,25     75,31
00:40:53        all      1,51      0,00      0,76      0,00      0,00     97,73
00:40:55        all      5,50      0,00      1,25      0,00      0,00     93,25
00:40:57        all      4,76      0,00      2,01      0,00      0,00     93,23
00:40:59        all      5,26      0,00      1,75      0,00      0,00     92,98
00:41:01        all      5,50      0,00      2,00      0,00      0,00     92,50
00:41:03        all      5,50      0,00      1,50      0,00      0,00     93,00
00:41:05        all      5,29      0,00      1,51      0,00      0,00     93,20
00:41:07        all      5,51      0,00      1,75      0,00      0,00     92,73
00:41:09        all      2,76      0,00      2,26      0,00      0,00     94,99
00:41:11        all     29,59      0,00     32,14      0,00      0,00     38,27
00:41:13        all     41,69      0,00     40,45      0,00      0,25     17,62
00:41:15        all      5,53      0,00      1,76      0,25      0,00     92,46
00:41:17        all      5,51      0,00      1,75      0,00      0,00     92,73
00:41:19        all      5,53      0,00      1,51      0,00      0,00     92,96
00:41:21        all      4,25      0,00      3,25      0,00      0,00     92,50
00:41:23        all      5,78      0,00      1,76      0,00      0,00     92,46
00:41:25        all      5,51      0,00      1,25      0,00      0,00     93,23
00:41:27        all      0,50      0,00      0,76      0,00      0,00     98,74
00:41:29        all      5,01      0,00      1,50      0,00      0,00     93,48
00:41:31        all      6,52      0,00      1,75      0,00      0,00     91,73
00:41:33        all      5,76      0,00      1,50      0,25      0,00     92,48
00:41:35        all     38,99      0,00     44,81      0,00      0,00     16,20
00:41:37        all     34,26      0,00     33,25      0,00      0,00     32,49
00:41:39        all      5,76      0,00      1,75      0,00      0,00     92,48
00:41:41        all      5,50      0,00      1,50      0,00      0,00     93,00
00:41:43        all      0,25      0,00      0,50      0,00      0,00     99,25
00:41:45        all      6,30      0,00      1,26      0,00      0,00     92,44
00:41:47        all      4,74      0,00      2,24      0,00      0,00     93,02
00:41:49        all      5,30      0,00      1,26      0,00      0,00     93,43
00:41:51        all      5,25      0,00      1,75      0,00      0,00     93,00
00:41:53        all      4,77      0,00      1,26      0,00      0,00     93,97
00:41:55        all      5,50      0,00      1,50      0,00      0,00     93,00
00:41:57        all     12,78      0,00     12,03      0,25      0,00     74,94
00:41:59        all     38,54      0,00     48,36      0,00      0,25     12,85
00:42:01        all     44,72      0,00     54,27      0,00      0,00      1,01
00:42:03        all     45,50      0,00     54,50      0,00      0,00      0,00
00:42:05        all     45,25      0,00     54,75      0,00      0,00      0,00
00:42:07        all     46,75      0,00     52,25      0,00      0,00      1,00
00:42:09        all     44,22      0,00     55,28      0,00      0,00      0,50
00:42:11        all     43,25      0,00     55,50      0,00      0,25      1,00
00:42:13        all      5,26      0,00      1,75      0,00      0,00     92,98
00:42:15        all      5,51      0,00      1,25      0,00      0,00     93,23
00:42:17        all      5,76      0,00      1,50      0,00      0,00     92,73
00:42:19        all      4,51      0,00      2,26      0,00      0,00     93,23
00:42:21        all      5,76      0,00      1,25      0,00      0,00     92,98
00:42:23        all      5,26      0,00      1,75      0,00      0,00     92,98
00:42:25        all      4,25      0,00      2,50      0,00      0,00     93,25
00:42:27        all      4,27      0,00      0,50      0,00      0,00     95,23
00:42:29        all      2,00      0,00      1,00      0,00      0,00     97,00
00:42:31        all      4,76      0,00      3,01      5,76      0,00     86,47
00:42:33        all     45,64      0,00     49,13      0,00      0,00      5,24
00:42:35        all     46,10      0,00     50,63      0,00      0,00      3,27
00:42:37        all     42,53      0,00     45,82      0,00      0,00     11,65
00:42:39        all     47,12      0,00     48,37      0,00      0,00      4,51
00:42:41        all     38,69      0,00     42,46      0,25      0,00     18,59
00:42:43        all     45,84      0,00     46,60      0,00      0,00      7,56
00:42:45        all     46,48      0,00     53,27      0,00      0,00      0,25
00:42:47        all     35,01      0,00     39,80      0,00      0,25     24,94
00:42:49        all      5,04      0,00      1,76      0,00      0,00     93,20
00:42:51        all      5,03      0,00      1,51      0,00      0,00     93,47
00:42:53        all      5,01      0,00      1,75      0,00      0,00     93,23
00:42:55        all      3,26      0,00      1,00      0,00      0,00     95,74
00:42:57        all      2,26      0,00      0,50      0,00      0,00     97,24
00:42:59        all      5,53      0,00      1,51      0,00      0,00     92,96
00:43:01        all      5,50      0,00      1,75      0,00      0,00     92,75
00:43:03        all      5,03      0,00      1,76      0,00      0,00     93,22
00:43:05        all      5,25      0,00      1,75      0,00      0,00     93,00
00:43:07        all     13,82      0,00      6,53      0,00      0,00     79,65
00:43:09        all     47,70      0,00     44,90      0,00      0,26      7,14
00:43:11        all     44,89      0,00     51,12      0,00      0,00      3,99
00:43:13        all     43,50      0,00     55,00      0,00      0,00      1,50
00:43:15        all     46,48      0,00     47,74      0,00      0,00      5,78
00:43:17        all     47,50      0,00     51,50      0,00      0,00      1,00
00:43:19        all     45,71      0,00     47,22      0,00      0,00      7,07
00:43:21        all     45,59      0,00     50,13      0,00      0,25      4,03
00:43:23        all     18,30      0,00     19,30      0,00      0,00     62,41
00:43:25        all      4,53      0,00      1,76      0,00      0,00     93,70
00:43:27        all      2,74      0,00      1,25      0,00      0,00     96,01
00:43:29        all      2,51      0,00      0,75      0,00      0,00     96,73
00:43:31        all      5,50      0,00      1,25      0,00      0,00     93,25
00:43:33        all      5,26      0,00      1,75      0,00      0,00     92,98
00:43:35        all      4,28      0,00      2,02      0,00      0,00     93,70
00:43:37        all      5,00      0,00      2,00      0,00      0,00     93,00
00:43:39        all      5,01      0,00      1,75      0,00      0,00     93,23
00:43:41        all      6,52      0,00      1,75      0,00      0,00     91,73
00:43:43        all     30,50      0,00     26,75      0,00      0,00     42,75
00:43:45        all     41,50      0,00     58,00      0,00      0,25      0,25
00:43:47        all     47,62      0,00     51,88      0,00      0,00      0,50
00:43:49        all     43,64      0,00     55,61      0,00      0,00      0,75
00:43:51        all     46,48      0,00     53,27      0,00      0,25      0,00
00:43:53        all     47,01      0,00     52,49      0,25      0,25      0,00
00:43:55        all     46,50      0,00     53,00      0,00      0,00      0,50
00:43:57        all     48,74      0,00     51,26      0,00      0,00      0,00
00:43:59        all     49,62      0,00     48,87      0,00      0,00      1,50
00:44:01        all     47,75      0,00     52,00      0,00      0,00      0,25
00:44:03        all     45,86      0,00     53,63      0,00      0,00      0,50
00:44:05        all     49,12      0,00     50,88      0,00      0,00      0,00
00:44:07        all     43,00      0,00     56,50      0,00      0,25      0,25
00:44:09        all     48,87      0,00     50,13      0,00      0,00      1,00
00:44:11        all     20,85      0,00     21,36      0,00      0,00     57,79
00:44:13        all      5,00      0,00      2,25      0,00      0,00     92,75
00:44:15        all      5,25      0,00      1,75      0,00      0,00     93,00
00:44:17        all      5,53      0,00      1,26      0,00      0,00     93,22
00:44:19        all      4,99      0,00      1,75      0,00      0,00     93,27
00:44:21        all      5,29      0,00      1,01      0,00      0,00     93,70
00:44:23        all      1,75      0,00      1,25      0,00      0,00     97,00
00:44:25        all      4,00      0,00      1,00      0,00      0,00     95,00
00:44:27        all      5,04      0,00      1,76      0,00      0,00     93,20
00:44:29        all      5,49      0,00      1,25      0,25      0,00     93,02
00:44:31        all     29,65      0,00     30,15      0,00      0,00     40,20
00:44:33        all     48,25      0,00     51,25      0,00      0,00      0,50
00:44:35        all     50,12      0,00     49,63      0,00      0,00      0,25
00:44:37        all     47,24      0,00     52,76      0,00      0,00      0,00
00:44:39        all     47,37      0,00     52,38      0,00      0,00      0,25
00:44:41        all     44,75      0,00     54,50      0,00      0,00      0,75
00:44:43        all     49,50      0,00     49,75      0,00      0,25      0,50
00:44:45        all     48,00      0,00     51,75      0,00      0,00      0,25
00:44:47        all     45,36      0,00     53,63      0,00      0,00      1,00
00:44:49        all     48,12      0,00     51,88      0,00      0,00      0,00
00:44:51        all     47,12      0,00     52,38      0,00      0,00      0,50
00:44:53        all     46,12      0,00     53,88      0,00      0,00      0,00
00:44:55        all     48,75      0,00     50,25      0,00      0,00      1,00
00:44:57        all     47,37      0,00     52,13      0,00      0,00      0,50
00:44:59        all      5,01      0,00      4,01      0,00      0,00     90,98
00:45:01        all      2,76      0,00      0,75      0,00      0,00     96,48
00:45:03        all      5,79      0,00      1,51      1,51      0,00     91,18
00:45:05        all      5,03      0,00      2,51      0,00      0,00     92,46
00:45:07        all      5,01      0,00      1,50      0,00      0,00     93,48
00:45:09        all      5,50      0,00      1,75      0,00      0,00     92,75
00:45:11        all      5,25      0,00      2,00      0,00      0,25     92,50
00:45:13        all      5,24      0,00      2,24      0,00      0,00     92,52
00:45:15        all      5,53      0,00      1,51      0,00      0,00     92,96
00:45:17        all      2,01      0,00      1,25      0,25      0,00     96,49
00:45:19        all     42,50      0,00     51,00      0,00      0,00      6,50
00:45:21        all     46,27      0,00     53,48      0,00      0,00      0,25
00:45:23        all     46,35      0,00     53,65      0,00      0,00      0,00
00:45:25        all     47,00      0,00     53,00      0,00      0,00      0,00
00:45:27        all     48,75      0,00     51,25      0,00      0,00      0,00
00:45:29        all     48,25      0,00     51,25      0,00      0,00      0,50
00:45:31        all     44,75      0,00     55,00      0,00      0,25      0,00
00:45:33        all     47,74      0,00     51,26      0,00      0,00      1,01
00:45:35        all     45,36      0,00     54,14      0,00      0,00      0,50
00:45:37        all     46,72      0,00     52,02      0,00      0,00      1,26
00:45:39        all     47,75      0,00     52,00      0,00      0,00      0,25
00:45:41        all     49,00      0,00     50,75      0,00      0,00      0,25
00:45:43        all     45,73      0,00     53,77      0,00      0,00      0,50
00:45:45        all     18,81      0,00     17,82      0,00      0,00     63,37
00:45:47        all      5,01      0,00      1,75      0,00      0,00     93,23
00:45:49        all      5,53      0,00      2,26      0,00      0,00     92,21
00:45:51        all      5,49      0,00      2,00      0,00      0,00     92,52
00:45:53        all      5,25      0,00      1,25      0,00      0,00     93,50
00:45:55        all      4,26      0,00      2,01      0,00      0,00     93,73
00:45:57        all      1,00      0,00      0,50      0,00      0,00     98,50
00:45:59        all      5,04      0,00      1,51      0,00      0,00     93,45
00:46:01        all      5,25      0,00      2,50      0,00      0,00     92,25
00:46:03        all      5,50      0,00      1,50      0,00      0,00     93,00
00:46:05        all      4,76      0,00      1,75      0,00      0,00     93,48
00:46:07        all      4,50      0,00      2,25      0,00      0,00     93,25
00:46:09        all      5,53      0,00      1,26      0,00      0,00     93,22
00:46:11        all      5,74      0,00      1,75      0,25      0,00     92,27
00:46:13        all      5,26      0,00      1,00      0,00      0,00     93,73


Media:          all     15,40      0,00     18,96      0,03      0,03     65,58
