Linux 4.4.0-112-generic (virtual) 	15/03/18 	_x86_64_	(2 CPU)

14:42:15        CPU     %user     %nice   %system   %iowait    %steal     %idle
14:42:17        all      5,01      0,00      1,75      0,00      0,00     93,23
14:42:19        all      4,27      0,00      2,01      0,00      0,00     93,72
14:42:21        all      3,77      0,00      1,51      0,00      0,00     94,72
14:42:23        all      1,00      0,00      0,25      0,00      0,00     98,75
14:42:25        all      7,27      0,00      1,25      0,00      0,00     91,48
14:42:27        all      7,04      0,00      6,78      0,00      0,00     86,18
14:42:29        all      5,00      0,00      2,00      0,00      0,25     92,75
14:42:31        all      4,77      0,00      1,01      0,00      0,00     94,22
14:42:33        all      5,50      0,00      1,25      0,00      0,00     93,25
14:42:35        all      4,99      0,00      1,75      0,00      0,00     93,27
14:42:37        all      5,28      0,00      1,26      0,00      0,00     93,47
14:42:39        all      2,50      0,00      0,50      0,00      0,00     97,00
14:42:41        all      3,26      0,00      1,00      0,00      0,00     95,74
14:42:43        all      4,76      0,00      1,50      0,00      0,00     93,73
14:42:45        all      5,76      0,00      1,25      0,00      0,00     92,98
14:42:47        all      5,50      0,00      1,50      0,00      0,00     93,00
14:42:49        all      7,02      0,00      8,02      0,00      0,00     84,96
14:42:51        all      5,00      0,00      1,50      0,00      0,00     93,50
14:42:53        all      5,01      0,00      1,25      0,00      0,00     93,73
14:42:55        all      4,75      0,00      1,75      0,00      0,00     93,50
14:42:57        all      0,75      0,00      0,25      0,00      0,00     98,99
14:42:59        all      4,00      0,00      1,50      0,00      0,00     94,50
14:43:01        all      4,26      0,00      2,26      0,00      0,00     93,48
14:43:03        all      5,00      0,00      1,75      0,25      0,00     93,00
14:43:05        all      4,76      0,00      2,01      0,00      0,00     93,23
14:43:07        all      5,75      0,00      1,25      0,00      0,00     93,00
14:43:09        all     19,60      0,00     31,16      0,00      0,00     49,25
14:43:11        all      5,01      0,00      1,50      0,00      0,00     93,48
14:43:13        all      3,77      0,00      1,01      0,00      0,00     95,23
14:43:15        all      1,00      0,00      0,50      0,00      0,00     98,50
14:43:17        all      4,77      0,00      1,01      0,00      0,00     94,22
14:43:19        all      4,26      0,00      2,01      0,00      0,00     93,73
14:43:21        all      4,76      0,00      1,25      0,00      0,00     93,98
14:43:23        all      5,01      0,00      1,50      0,00      0,00     93,48
14:43:25        all      5,26      0,00      0,75      0,00      0,00     93,98
14:43:27        all      5,01      0,00      1,50      0,00      0,00     93,48
14:43:29        all      9,18      0,00      8,68      0,00      0,00     82,13
14:43:31        all     15,17      0,00     24,88      0,00      0,25     59,70
14:43:33        all      1,50      0,00      0,50      0,00      0,00     98,00
14:43:35        all      4,77      0,00      2,01      0,00      0,00     93,22
14:43:37        all      4,77      0,00      1,01      0,00      0,00     94,22
14:43:39        all      5,01      0,00      1,75      0,00      0,00     93,23
14:43:41        all      4,50      0,00      1,50      0,00      0,00     94,00
14:43:43        all      5,54      0,00      0,76      0,00      0,00     93,70
14:43:45        all      5,50      0,00      1,25      0,00      0,00     93,25
14:43:47        all      5,03      0,00      1,01      0,00      0,00     93,97
14:43:49        all      3,26      0,00      1,00      0,00      0,00     95,74
14:43:51        all      9,73      0,00     17,96      0,00      0,00     72,32
14:43:53        all     24,19      0,00     40,90      0,00      0,25     34,66
14:43:55        all      4,76      0,00      2,01      0,00      0,00     93,23
14:43:57        all      5,74      0,00      1,00      0,25      0,00     93,02
14:43:59        all      5,05      0,00      1,77      0,00      0,00     93,18
14:44:01        all      4,51      0,00      1,75      0,00      0,00     93,73
14:44:03        all      5,50      0,00      1,25      0,00      0,00     93,25
14:44:05        all      5,28      0,00      1,26      0,00      0,00     93,47
14:44:07        all      2,26      0,00      0,50      0,00      0,00     97,24
14:44:09        all      2,51      0,00      0,50      0,00      0,00     96,99
14:44:11        all      4,76      0,00      1,50      0,00      0,00     93,73
14:44:13        all      7,79      0,00      8,29      0,25      0,00     83,67
14:44:15        all     27,39      0,00     46,48      0,00      0,00     26,13
14:44:17        all      8,06      0,00      7,56      0,00      0,00     84,38
14:44:19        all      6,50      0,00      2,00      0,00      0,00     91,50
14:44:21        all      5,26      0,00      1,00      0,00      0,00     93,73
14:44:23        all      5,01      0,00      1,25      0,00      0,00     93,73
14:44:25        all      0,25      0,00      0,75      0,00      0,00     99,00
14:44:27        all      4,75      0,00      1,25      0,00      0,00     94,00
14:44:29        all      5,25      0,00      1,25      0,00      0,00     93,50
14:44:31        all      5,01      0,00      1,25      0,00      0,00     93,73
14:44:33        all      4,99      0,00      1,50      0,00      0,25     93,27
14:44:35        all      5,01      0,00      1,00      0,00      0,00     93,98
14:44:37        all     14,86      0,00     19,90      0,00      0,00     65,24
14:44:39        all     24,87      0,00     48,48      0,00      0,00     26,65
14:44:41        all     29,65      0,00     51,76      0,00      0,00     18,59
14:44:43        all     27,74      0,00     53,94      0,00      0,25     18,07
14:44:45        all     31,04      0,00     53,69      0,00      0,00     15,27
14:44:47        all     31,85      0,00     51,60      0,25      0,25     16,05
14:44:49        all     18,75      0,00     27,25      0,00      0,00     54,00
14:44:51        all      5,01      0,00      1,75      0,00      0,00     93,23
14:44:53        all      5,00      0,00      2,25      0,00      0,00     92,75
14:44:55        all      4,99      0,00      2,00      0,00      0,00     93,02
14:44:57        all      4,26      0,00      1,50      0,00      0,00     94,24
14:44:59        all      1,00      0,00      0,50      0,00      0,00     98,50
14:45:01        all      5,26      0,00      2,01      0,00      0,00     92,73
14:45:03        all      5,01      0,00      2,26      0,00      0,25     92,48
14:45:05        all      5,01      0,00      1,75      0,00      0,00     93,23
14:45:07        all      5,51      0,00      1,00      0,00      0,00     93,48
14:45:09        all     17,56      0,00     23,41      0,00      0,00     59,03
14:45:11        all     27,81      0,00     52,30      0,00      0,00     19,90
14:45:13        all     25,06      0,00     49,87      0,00      0,25     24,81
14:45:15        all     29,40      0,00     52,26      0,75      0,00     17,59
14:45:17        all     30,62      0,00     54,32      0,74      0,00     14,32
14:45:19        all     31,90      0,00     51,90      0,00      0,00     16,20
14:45:21        all     19,65      0,00     32,09      0,00      0,25     48,01
14:45:23        all      5,03      0,00      1,26      0,00      0,00     93,72
14:45:25        all      5,25      0,00      1,50      0,00      0,00     93,25
14:45:27        all      5,01      0,00      1,25      0,00      0,00     93,73
14:45:29        all      0,25      0,00      0,25      0,00      0,00     99,50
14:45:31        all      4,76      0,00      1,50      0,00      0,00     93,73
14:45:33        all      5,79      0,00      1,01      0,00      0,00     93,20
14:45:35        all      5,50      0,00      1,75      0,00      0,00     92,75
14:45:37        all      4,50      0,00      2,25      0,25      0,00     93,00
14:45:39        all      4,51      0,00      2,26      0,00      0,00     93,23
14:45:41        all     14,43      0,00     18,66      0,00      0,00     66,92
14:45:43        all     28,82      0,00     54,93      0,00      0,25     16,01
14:45:45        all     25,64      0,00     55,13      0,00      0,51     18,72
14:45:47        all     32,07      0,00     56,31      0,00      0,25     11,36
14:45:49        all     28,93      0,00     52,03      0,00      0,00     19,04
14:45:51        all     28,57      0,00     55,89      0,00      0,00     15,54
14:45:53        all     21,78      0,00     37,87      0,00      0,25     40,10
14:45:55        all      4,51      0,00      2,01      0,00      0,00     93,48
14:45:57        all      4,76      0,00      1,50      0,00      0,00     93,73
14:45:59        all      3,01      0,00      1,00      0,00      0,00     95,99
14:46:01        all      1,75      0,00      0,75      0,00      0,00     97,49
14:46:03        all      5,76      0,00      1,75      0,00      0,00     92,48
14:46:05        all      5,50      0,00      2,00      0,00      0,00     92,50
14:46:07        all      5,26      0,00      1,50      0,00      0,00     93,23
14:46:09        all      4,98      0,00      1,99      0,25      0,00     92,79
14:46:11        all      4,50      0,00      2,25      0,00      0,00     93,25
14:46:13        all     12,56      0,00     14,82      0,00      0,25     72,36
14:46:15        all     32,66      0,00     53,42      0,00      0,00     13,92
14:46:17        all     26,32      0,00     52,63      0,00      0,25     20,80
14:46:19        all     32,65      0,00     51,41      0,00      0,00     15,94
14:46:21        all     29,72      0,00     51,89      0,00      0,00     18,39
14:46:23        all     29,19      0,00     54,57      0,00      0,25     15,99
14:46:25        all     30,48      0,00     57,43      0,00      0,00     12,09
14:46:27        all     29,15      0,00     53,02      0,00      0,00     17,84
14:46:29        all     30,40      0,00     53,27      0,00      0,25     16,08
14:46:31        all     25,57      0,00     55,44      0,00      0,00     18,99
14:46:33        all     29,52      0,00     55,98      0,00      0,25     14,25
14:46:35        all     31,74      0,00     53,65      0,00      0,00     14,61
14:46:37        all     26,58      0,00     41,52      0,00      0,00     31,90
14:46:39        all      4,50      0,00      2,00      0,00      0,00     93,50
14:46:41        all      4,76      0,00      1,50      0,00      0,00     93,73
14:46:43        all      4,77      0,00      1,26      0,00      0,00     93,97
14:46:45        all      5,01      0,00      1,50      0,00      0,00     93,48
14:46:47        all      0,25      0,00      0,50      0,00      0,00     99,25
14:46:49        all      4,76      0,00      1,75      0,00      0,00     93,48
14:46:51        all      4,52      0,00      1,76      0,00      0,00     93,72
14:46:53        all      5,51      0,00      1,50      0,00      0,00     92,98
14:46:55        all      4,49      0,00      2,74      0,00      0,00     92,77
14:46:57        all      9,75      0,00     10,50      0,00      0,00     79,75
14:46:59        all     32,01      0,00     54,34      0,00      0,00     13,65
14:47:01        all     31,31      0,00     57,32      0,00      0,25     11,11
14:47:03        all     26,95      0,00     54,91      0,00      0,00     18,14
14:47:05        all     32,41      0,00     54,52      0,00      0,00     13,07
14:47:07        all     29,29      0,00     54,55      0,00      0,00     16,16
14:47:09        all     29,70      0,00     52,23      0,00      0,00     18,07
14:47:11        all     34,01      0,00     54,91      0,00      0,00     11,08
14:47:13        all     29,73      0,00     54,30      0,25      0,25     15,48
14:47:15        all     30,95      0,00     56,01      0,00      0,00     13,04
14:47:17        all     28,57      0,00     58,65      0,00      0,00     12,78
14:47:19        all     29,21      0,00     51,24      0,00      0,00     19,55
14:47:21        all     21,66      0,00     28,72      0,00      0,00     49,62
14:47:23        all      5,26      0,00      1,00      0,00      0,00     93,73
14:47:25        all      4,75      0,00      1,75      0,00      0,00     93,50
14:47:27        all      6,02      0,00      0,75      0,00      0,00     93,23
14:47:29        all      4,77      0,00      1,51      0,00      0,00     93,72
14:47:31        all      4,50      0,00      2,25      0,00      0,00     93,25
14:47:33        all      4,52      0,00      1,76      0,00      0,00     93,72
14:47:35        all      3,24      0,00      1,00      0,25      0,00     95,51
14:47:37        all      2,00      0,00      1,25      0,00      0,00     96,75
14:47:39        all      4,76      0,00      1,75      0,00      0,00     93,48
14:47:41        all     14,11      0,00     18,89      0,00      0,00     67,00
14:47:43        all     28,50      0,00     50,78      0,00      0,26     20,47
14:47:45        all     30,46      0,00     53,81      0,00      0,00     15,74
14:47:47        all     28,78      0,00     53,10      0,00      0,00     18,11
14:47:49        all     28,00      0,00     51,50      0,00      0,00     20,50
14:47:51        all     28,93      0,00     55,86      0,00      0,00     15,21
14:47:53        all     24,23      0,00     53,83      0,00      0,00     21,94
14:47:55        all     28,32      0,00     55,87      0,00      0,00     15,82
14:47:57        all     32,16      0,00     49,50      0,00      0,00     18,34
14:47:59        all     28,43      0,00     52,28      0,00      0,00     19,29
14:48:01        all     31,49      0,00     52,39      0,00      0,25     15,87
14:48:03        all     28,50      0,00     54,25      0,00      0,00     17,25
14:48:05        all     20,70      0,00     36,41      0,00      0,00     42,89
14:48:07        all      0,50      0,00      0,00      0,00      0,00     99,50
14:48:09        all      5,01      0,00      1,75      0,25      0,00     92,98
14:48:11        all      4,52      0,00      1,76      0,00      0,00     93,72
14:48:13        all      5,25      0,00      2,25      0,00      0,00     92,50
14:48:15        all      5,54      0,00      1,26      0,00      0,00     93,20
14:48:17        all      5,25      0,00      1,75      0,00      0,00     93,00
14:48:19        all      5,01      0,00      1,50      0,00      0,00     93,48
14:48:21        all      5,28      0,00      1,26      0,00      0,00     93,47
14:48:23        all      5,78      0,00      1,26      0,00      0,00     92,96
14:48:25        all      3,00      0,00      7,75      0,00      0,00     89,25
14:48:27        all      4,76      0,00      1,50      0,00      0,00     93,73
14:48:29        all      4,51      0,00      1,75      0,00      0,00     93,73
14:48:31        all      5,24      0,00      1,75      0,00      0,25     92,77
14:48:33        all      5,79      0,00      1,26      0,00      0,00     92,95
14:48:35        all      5,01      0,00      2,01      0,00      0,00     92,98
14:48:37        all      5,74      0,00      1,25      0,25      0,00     92,77
14:48:39        all      4,51      0,00      1,75      0,00      0,00     93,73
14:48:41        all      5,26      0,00      1,75      0,00      0,00     92,98
14:48:43        all      1,00      0,00      0,50      0,00      0,00     98,50
14:48:45        all      6,77      0,00      7,52      0,00      0,00     85,71
14:48:47        all      5,26      0,00      2,51      0,00      0,00     92,23
14:48:49        all      5,01      0,00      1,75      0,00      0,00     93,23
14:48:51        all      4,50      0,00      2,00      0,00      0,00     93,50
14:48:53        all      4,76      0,00      1,50      0,00      0,00     93,73
14:48:55        all      5,50      0,00      2,00      0,00      0,00     92,50
14:48:57        all      5,50      0,00      1,50      0,00      0,00     93,00
14:48:59        all      4,51      0,00      1,75      0,00      0,00     93,73
14:49:01        all      2,74      0,00      1,50      0,00      0,00     95,76
14:49:03        all      2,50      0,00      1,00      0,00      0,00     96,50
14:49:05        all      5,51      0,00      1,50      0,00      0,00     92,98
14:49:07        all     18,94      0,00     33,33      0,00      0,00     47,73
14:49:09        all      4,99      0,00      2,00      0,25      0,00     92,77
14:49:11        all      4,51      0,00      1,75      0,00      0,00     93,73
14:49:13        all      5,22      0,00      2,24      0,00      0,00     92,54
14:49:15        all      5,26      0,00      1,75      0,00      0,00     92,98
14:49:17        all      3,00      0,00      1,25      0,00      0,00     95,75
14:49:19        all      2,76      0,00      0,75      0,00      0,25     96,24
14:49:21        all      5,51      0,00      2,26      0,00      0,00     92,23
14:49:23        all      5,49      0,00      2,00      0,00      0,00     92,52
14:49:25        all      5,54      0,00      1,26      0,00      0,00     93,20
14:49:27        all     14,36      0,00     20,65      0,00      0,00     64,99
14:49:29        all     10,53      0,00     12,78      0,25      0,00     76,44
14:49:31        all      4,50      0,00      2,00      0,00      0,00     93,50
14:49:33        all      4,51      0,00      1,75      0,00      0,00     93,73
14:49:35        all      2,51      0,00      0,75      0,00      0,00     96,74
14:49:37        all      2,01      0,00      1,50      0,00      0,00     96,49
14:49:39        all      5,01      0,00      1,75      0,00      0,00     93,23
14:49:41        all      5,54      0,00      1,01      0,00      0,00     93,45
14:49:43        all      5,01      0,00      1,50      0,00      0,00     93,48
14:49:45        all      5,01      0,00      2,26      0,00      0,00     92,73
14:49:47        all      5,50      0,00      1,50      0,00      0,00     93,00
14:49:49        all     24,69      0,00     40,30      0,00      0,00     35,01
14:49:51        all     12,63      0,00     22,73      0,00      0,00     64,65
14:49:53        all      3,51      0,00      0,75      0,00      0,00     95,74
14:49:55        all      2,26      0,00      0,50      0,00      0,00     97,24
14:49:57        all      5,25      0,00      1,25      0,00      0,00     93,50
14:49:59        all      5,28      0,00      1,51      0,00      0,00     93,22
14:50:01        all      5,28      0,00      1,51      0,25      0,00     92,96
14:50:03        all      4,77      0,00      2,01      0,00      0,00     93,22
14:50:05        all      5,01      0,00      2,26      0,00      0,00     92,73
14:50:07        all      5,74      0,00      2,24      0,00      0,00     92,02
14:50:09        all      5,53      0,00      1,76      0,00      0,25     92,46
14:50:11        all     15,21      0,00     30,67      0,00      0,00     54,11
14:50:13        all     19,60      0,00     28,54      0,00      0,00     51,86
14:50:15        all      5,50      0,00      1,50      0,25      0,00     92,75
14:50:17        all      5,28      0,00      1,26      0,00      0,00     93,47
14:50:19        all      4,75      0,00      1,75      0,00      0,00     93,50
14:50:21        all      5,49      0,00      1,75      0,00      0,00     92,77
14:50:23        all      5,53      0,00      1,26      0,00      0,00     93,22
14:50:25        all      4,76      0,00      1,75      0,00      0,00     93,48
14:50:27        all      4,76      0,00      1,50      0,00      0,00     93,73
14:50:29        all      2,01      0,00      1,25      0,00      0,00     96,74
14:50:31        all      3,02      0,00      1,01      0,00      0,00     95,98
14:50:33        all     11,28      0,00     15,29      0,00      0,00     73,43
14:50:35        all     28,03      0,00     47,73      0,00      0,25     23,99
14:50:37        all     29,18      0,00     47,63      0,00      0,00     23,19
14:50:39        all     28,10      0,00     53,67      0,00      0,00     18,23
14:50:41        all     30,69      0,00     52,94      0,00      0,00     16,37
14:50:43        all     27,85      0,00     51,65      0,00      0,00     20,51
14:50:45        all     21,39      0,00     35,82      0,00      0,00     42,79
14:50:47        all      5,50      0,00      1,75      0,00      0,00     92,75
14:50:49        all      5,51      0,00      1,25      0,00      0,00     93,23
14:50:51        all      4,74      0,00      1,75      0,00      0,25     93,27
14:50:53        all      5,53      0,00      0,75      0,25      0,00     93,47
14:50:55        all      4,76      0,00      2,01      0,00      0,00     93,23
14:50:57        all      5,01      0,00      1,75      0,25      0,00     92,98
14:50:59        all      5,50      0,00      2,00      0,00      0,00     92,50
14:51:01        all      3,51      0,00      0,75      0,00      0,00     95,74
14:51:03        all      2,01      0,00      0,75      0,00      0,00     97,24
14:51:05        all     13,28      0,00     15,54      0,00      0,00     71,18
14:51:07        all     28,01      0,00     56,76      0,00      0,00     15,23
14:51:09        all     31,17      0,00     53,37      0,00      0,00     15,46
14:51:11        all     33,58      0,00     51,88      0,00      0,00     14,54
14:51:13        all     31,31      0,00     58,33      0,00      0,00     10,35
14:51:15        all     25,69      0,00     60,20      0,00      0,25     13,85
14:51:17        all     23,29      0,00     31,39      0,00      0,00     45,32
14:51:19        all      4,75      0,00      1,75      0,00      0,00     93,50
14:51:21        all      5,00      0,00      1,75      0,00      0,00     93,25
14:51:23        all      5,51      0,00      1,50      0,00      0,00     92,98
14:51:25        all      5,49      0,00      1,75      0,25      0,00     92,52
14:51:27        all      4,76      0,00      1,75      0,00      0,00     93,48
14:51:29        all      5,99      0,00      2,74      0,00      0,00     91,27
14:51:31        all      4,77      0,00      1,51      0,00      0,00     93,72
14:51:33        all      1,00      0,00      0,50      0,00      0,00     98,50
14:51:35        all      5,26      0,00      1,75      0,00      0,00     92,98
14:51:37        all     14,11      0,00     19,40      0,00      0,00     66,50
14:51:39        all     31,44      0,00     54,21      0,25      0,00     14,11
14:51:41        all     32,07      0,00     54,80      0,00      0,00     13,13
14:51:43        all     31,82      0,00     54,29      0,00      0,00     13,89
14:51:45        all     31,08      0,00     57,89      0,00      0,25     10,78
14:51:47        all     28,72      0,00     55,38      0,00      0,00     15,90
14:51:49        all     21,17      0,00     36,73      0,00      0,00     42,09
14:51:51        all      5,25      0,00      1,00      0,25      0,00     93,50
14:51:53        all      5,49      0,00      1,75      0,00      0,00     92,77
14:51:55        all      5,03      0,00      1,26      0,00      0,00     93,72
14:51:57        all      5,24      0,00      2,00      0,00      0,00     92,77
14:51:59        all      5,28      0,00      2,01      0,00      0,00     92,71
14:52:01        all      5,26      0,00      1,50      0,00      0,00     93,23
14:52:03        all      4,99      0,00      2,24      0,00      0,00     92,77
14:52:05        all      1,25      0,00      0,50      0,00      0,00     98,25
14:52:07        all      3,75      0,00      2,00      0,00      0,00     94,25
14:52:09        all     11,56      0,00     17,09      0,00      0,00     71,36
14:52:11        all     28,79      0,00     55,81      0,00      0,00     15,40
14:52:13        all     28,10      0,00     52,41      0,25      0,00     19,24
14:52:15        all     31,27      0,00     53,85      0,00      0,25     14,64
14:52:17        all     28,97      0,00     57,95      0,00      0,00     13,08
14:52:19        all     30,05      0,00     53,79      0,51      0,00     15,66
14:52:21        all     25,50      0,00     55,50      0,00      0,00     19,00
14:52:23        all     31,31      0,00     59,60      0,00      0,25      8,84
14:52:25        all     31,11      0,00     51,93      0,00      0,00     16,97
14:52:27        all     28,02      0,00     53,21      0,00      0,00     18,77
14:52:29        all     30,75      0,00     51,94      0,00      0,00     17,31
14:52:31        all     31,16      0,00     56,53      0,00      0,00     12,31
14:52:33        all     26,79      0,00     56,38      0,00      0,00     16,84
14:52:35        all      3,52      0,00      1,51      0,00      0,00     94,97
14:52:37        all      4,51      0,00      2,01      0,00      0,00     93,48
14:52:39        all      5,26      0,00      1,25      0,00      0,00     93,48
14:52:41        all      4,77      0,00      1,26      0,25      0,00     93,72
14:52:43        all      5,53      0,00      1,76      0,00      0,00     92,71
14:52:45        all      5,03      0,00      1,26      0,00      0,00     93,72
14:52:47        all      5,01      0,00      2,01      0,00      0,00     92,98
14:52:49        all      5,00      0,00      1,50      0,00      0,25     93,25
14:52:51        all      2,51      0,00      2,01      0,00      0,00     95,49
14:52:53        all      2,00      0,00      1,00      0,00      0,00     97,00
14:52:55        all     28,93      0,00     49,63      0,00      0,00     21,45
14:52:57        all     28,39      0,00     52,01      0,00      0,00     19,60
14:52:59        all     29,07      0,00     52,88      0,00      0,00     18,05
14:53:01        all     32,58      0,00     53,38      0,00      0,25     13,78
14:53:03        all     32,08      0,00     55,14      0,00      0,00     12,78
14:53:05        all     29,00      0,00     55,25      0,00      0,25     15,50
14:53:07        all     28,06      0,00     54,34      0,00      0,00     17,60
14:53:09        all     31,35      0,00     54,92      0,00      0,00     13,73
14:53:11        all     29,62      0,00     54,94      0,00      0,00     15,44
14:53:13        all     33,42      0,00     50,39      0,00      0,00     16,20
14:53:15        all     31,67      0,00     53,12      0,00      0,50     14,71
14:53:17        all     31,28      0,00     59,74      0,00      0,00      8,97
14:53:19        all      8,59      0,00     12,12      0,00      0,00     79,29
14:53:21        all      2,01      0,00      0,50      0,00      0,00     97,49
14:53:23        all      5,25      0,00      1,50      0,00      0,00     93,25
14:53:25        all      5,03      0,00      1,51      0,00      0,00     93,47
14:53:27        all      4,71      0,00      2,48      0,25      0,00     92,56
14:53:29        all      5,28      0,00      1,51      0,00      0,00     93,22
14:53:31        all      6,25      0,00      1,50      0,00      0,00     92,25
14:53:33        all      5,04      0,00      1,51      0,00      0,00     93,45
14:53:35        all      5,01      0,00      1,50      0,00      0,00     93,48
14:53:37        all      3,76      0,00      1,25      0,00      0,00     94,99
14:53:39        all     22,11      0,00     44,72      0,00      0,00     33,17
14:53:41        all     29,75      0,00     54,00      0,00      0,00     16,25
14:53:43        all     31,90      0,00     53,16      0,00      0,25     14,68
14:53:45        all     31,92      0,00     56,11      0,00      0,00     11,97
14:53:47        all     30,96      0,00     56,09      0,00      0,00     12,94
14:53:49        all     32,24      0,00     51,39      0,00      0,25     16,12
14:53:51        all     30,81      0,00     54,80      0,00      0,00     14,39
14:53:53        all     28,79      0,00     56,81      0,00      0,00     14,40
14:53:55        all     32,00      0,00     52,75      0,00      0,25     15,00
14:53:57        all     33,83      0,00     54,98      0,25      0,25     10,70
14:53:59        all     29,40      0,00     52,01      0,00      0,00     18,59
14:54:01        all     31,57      0,00     54,55      0,00      0,00     13,89
14:54:03        all     27,14      0,00     50,00      0,00      0,00     22,86
14:54:05        all      5,50      0,00     10,25      0,00      0,00     84,25
14:54:07        all      5,26      0,00      2,01      0,00      0,00     92,73
14:54:09        all      5,75      0,00      1,75      0,00      0,00     92,50
14:54:11        all      5,53      0,00      1,51      0,00      0,00     92,96
14:54:13        all      4,77      0,00      2,26      0,00      0,25     92,71
14:54:15        all      4,99      0,00      2,00      0,00      0,00     93,02
14:54:17        all      5,00      0,00      1,50      0,00      0,00     93,50
14:54:19        all      5,26      0,00      2,01      0,25      0,00     92,48
14:54:21        all      0,50      0,00      0,50      0,00      0,00     99,00
14:54:23        all      4,50      0,00      2,00      0,00      0,00     93,50
14:54:25        all     13,97      0,00      7,23      0,00      0,00     78,80
14:54:27        all      5,26      0,00      1,50      0,00      0,00     93,23
14:54:29        all      5,24      0,00      2,00      0,00      0,00     92,77
14:54:31        all      4,79      0,00      1,51      0,00      0,00     93,70
14:54:33        all      4,99      0,00      2,24      0,00      0,00     92,77
14:54:35        all      5,28      0,00      1,51      0,00      0,00     93,22
14:54:37        all      3,49      0,00      1,00      0,00      0,00     95,51
14:54:39        all      2,51      0,00      1,00      0,00      0,00     96,49
14:54:41        all      5,50      0,00      1,75      0,00      0,25     92,50
14:54:43        all      4,76      0,00      1,75      0,00      0,00     93,48
14:54:45        all     32,33      0,00     35,59      0,00      0,00     32,08
14:54:47        all      6,00      0,00      4,00      0,00      0,00     90,00
14:54:49        all      5,01      0,00      1,50      0,00      0,00     93,48
14:54:51        all      4,51      0,00      2,51      0,00      0,00     92,98
14:54:53        all      4,76      0,00      0,50      0,00      0,00     94,74
14:54:55        all      2,00      0,00      0,50      0,00      0,00     97,50
14:54:57        all      5,51      0,00      1,50      0,00      0,00     92,98
14:54:59        all      5,50      0,00      2,25      0,00      0,00     92,25
14:55:01        all      5,51      0,00      2,01      0,00      0,00     92,48
14:55:03        all      5,79      0,00      2,52      0,50      0,00     91,18
14:55:05        all      5,76      0,00      2,51      0,00      0,00     91,73
14:55:07        all     32,00      0,00     35,75      0,00      0,00     32,25
14:55:09        all      5,76      0,00      1,00      0,00      0,00     93,23
14:55:11        all      0,00      0,00      0,75      0,00      0,00     99,25
14:55:13        all      5,00      0,00      1,50      0,00      0,00     93,50
14:55:15        all      4,76      0,00      1,75      0,00      0,00     93,48
14:55:17        all      4,77      0,00      1,76      0,00      0,00     93,47
14:55:19        all      4,51      0,00      2,01      0,00      0,00     93,48
14:55:21        all      5,01      0,00      1,50      0,00      0,00     93,48
14:55:23        all      4,52      0,00      2,01      0,00      0,00     93,47
14:55:25        all      5,51      0,00      1,50      0,00      0,00     92,98
14:55:27        all     16,04      0,00     18,30      0,00      0,00     65,66
14:55:29        all     45,50      0,00     53,75      0,00      0,25      0,50
14:55:31        all      5,50      0,00      1,50      0,00      0,00     93,00
14:55:33        all      4,75      0,00      2,25      0,00      0,00     93,00
14:55:35        all      4,77      0,00      1,51      0,00      0,00     93,72
14:55:37        all      5,01      0,00      1,50      0,00      0,00     93,48
14:55:39        all      4,99      0,00      1,50      0,25      0,00     93,27
14:55:41        all      5,26      0,00      1,50      0,00      0,00     93,23
14:55:43        all      5,00      0,00      1,50      0,00      0,25     93,25
14:55:45        all      1,26      0,00      0,76      0,00      0,00     97,98
14:55:47        all      3,76      0,00      1,75      0,00      0,00     94,49
14:55:49        all      5,00      0,00      2,25      0,00      0,00     92,75
14:55:51        all     47,74      0,00     48,74      0,00      0,25      3,27
14:55:53        all     16,00      0,00     17,75      0,00      0,00     66,25
14:55:55        all      5,25      0,00      1,50      0,00      0,00     93,25
14:55:57        all      5,75      0,00      1,00      0,00      0,00     93,25
14:55:59        all      5,03      0,00      1,26      0,00      0,00     93,72
14:56:01        all      3,00      0,00      1,50      0,00      0,00     95,50
14:56:03        all      2,99      0,00      1,25      0,25      0,00     95,51
14:56:05        all      6,27      0,00      1,25      0,00      0,00     92,48
14:56:07        all      6,02      0,00      1,00      0,00      0,00     92,98
14:56:09        all      4,99      0,00      1,50      0,00      0,25     93,27
14:56:11        all      4,76      0,00      1,75      0,00      0,00     93,48
14:56:13        all     31,25      0,00     39,00      0,00      0,00     29,75
14:56:15        all     48,38      0,00     50,62      0,00      0,00      1,00
14:56:17        all     44,50      0,00     55,25      0,00      0,00      0,25
14:56:19        all     44,36      0,00     55,64      0,00      0,00      0,00
14:56:21        all     48,87      0,00     51,13      0,00      0,00      0,00
14:56:23        all     49,25      0,00     50,50      0,00      0,00      0,25
14:56:25        all     46,75      0,00     53,25      0,00      0,00      0,00
14:56:27        all     14,25      0,00     16,25      0,00      0,00     69,50
14:56:29        all      3,27      0,00      1,01      0,00      0,00     95,73
14:56:31        all      4,73      0,00      1,99      0,00      0,00     93,28
14:56:33        all      5,28      0,00      1,76      0,00      0,00     92,96
14:56:35        all      4,76      0,00      2,01      0,00      0,00     93,23
14:56:37        all      5,26      0,00      1,75      0,00      0,00     92,98
14:56:39        all      4,77      0,00      2,01      0,00      0,00     93,22
14:56:41        all      4,76      0,00      1,75      0,00      0,00     93,48
14:56:43        all      5,01      0,00      1,75      0,00      0,00     93,23
14:56:45        all      2,75      0,00      1,50      0,00      0,00     95,75
14:56:47        all     35,34      0,00     35,59      0,00      0,25     28,82
14:56:49        all     45,25      0,00     54,75      0,00      0,00      0,00
14:56:51        all     44,89      0,00     54,86      0,00      0,00      0,25
14:56:53        all     44,11      0,00     55,89      0,00      0,00      0,00
14:56:55        all     45,75      0,00     54,25      0,00      0,00      0,00
14:56:57        all     41,40      0,00     58,10      0,00      0,25      0,25
14:56:59        all     46,62      0,00     53,13      0,00      0,00      0,25
14:57:01        all     19,75      0,00     18,50      0,00      0,00     61,75
14:57:03        all      5,25      0,00      1,50      0,00      0,00     93,25
14:57:05        all      5,01      0,00      1,50      0,00      0,00     93,48
14:57:07        all      5,01      0,00      1,25      0,25      0,00     93,48
14:57:09        all      5,26      0,00      1,50      0,00      0,00     93,23
14:57:11        all      0,50      0,00      0,75      0,00      0,00     98,74
14:57:13        all      4,76      0,00      1,75      0,00      0,00     93,48
14:57:15        all      5,01      0,00      1,75      0,00      0,00     93,23
14:57:17        all      5,75      0,00      1,75      0,00      0,00     92,50
14:57:19        all      4,77      0,00      1,51      0,00      0,00     93,72
14:57:21        all     27,14      0,00     28,89      0,00      0,00     43,97
14:57:23        all     45,00      0,00     54,50      0,00      0,00      0,50
14:57:25        all     44,11      0,00     55,89      0,00      0,00      0,00
14:57:27        all     46,25      0,00     53,25      0,00      0,00      0,50
14:57:29        all     47,38      0,00     52,62      0,00      0,00      0,00
14:57:31        all     45,25      0,00     54,75      0,00      0,00      0,00
14:57:33        all     47,75      0,00     51,75      0,00      0,00      0,50
14:57:35        all     10,67      0,00     10,67      0,00      0,00     78,66
14:57:37        all      1,25      0,00      0,75      0,00      0,00     98,00
14:57:39        all      5,51      0,00      1,50      0,00      0,00     92,98
14:57:41        all      5,26      0,00      1,50      0,00      0,00     93,23
14:57:43        all      4,77      0,00      2,01      0,00      0,00     93,22
14:57:45        all      5,99      0,00      1,75      0,00      0,00     92,27
14:57:47        all      5,76      0,00      1,25      0,00      0,00     92,98
14:57:49        all      5,74      0,00      0,75      0,25      0,00     93,27
14:57:51        all      5,03      0,00      2,01      0,00      0,00     92,96
14:57:53        all      4,00      0,00      1,50      0,00      0,00     94,50
14:57:55        all     34,59      0,00     40,35      0,00      0,00     25,06
14:57:57        all     47,63      0,00     51,62      0,00      0,25      0,50
14:57:59        all     48,12      0,00     51,38      0,00      0,00      0,50
14:58:01        all     44,39      0,00     54,86      0,00      0,00      0,75
14:58:03        all     46,13      0,00     52,12      0,00      0,00      1,75
14:58:05        all     44,00      0,00     55,50      0,00      0,00      0,50
14:58:07        all     46,25      0,00     53,00      0,00      0,00      0,75
14:58:09        all     48,01      0,00     51,00      0,00      0,00      1,00
14:58:11        all     49,37      0,00     49,87      0,00      0,25      0,50
14:58:13        all     47,75      0,00     52,00      0,00      0,00      0,25
14:58:15        all     45,14      0,00     54,11      0,00      0,00      0,75
14:58:17        all     49,50      0,00     49,50      0,00      0,00      1,01
14:58:19        all     49,11      0,00     49,62      0,00      0,00      1,27
14:58:21        all     46,37      0,00     51,13      0,00      0,00      2,51
14:58:23        all      7,58      0,00      4,29      0,00      0,25     87,88
14:58:25        all      4,75      0,00      1,25      0,00      0,00     94,00
14:58:27        all      1,26      0,00      0,25      0,00      0,00     98,49
14:58:29        all      5,01      0,00      2,26      0,00      0,00     92,73
14:58:31        all      5,53      0,00      1,76      0,00      0,00     92,71
14:58:33        all      5,26      0,00      2,26      0,00      0,00     92,48
14:58:35        all      4,76      0,00      2,26      0,00      0,00     92,98
14:58:37        all      5,26      0,00      1,50      0,00      0,00     93,23
14:58:39        all      5,51      0,00      1,50      0,00      0,00     92,98
14:58:41        all      4,77      0,00      1,76      0,00      0,00     93,47
14:58:43        all     39,65      0,00     48,63      0,00      0,00     11,72
14:58:45        all     44,50      0,00     55,50      0,00      0,00      0,00
14:58:47        all     46,13      0,00     53,62      0,00      0,00      0,25
14:58:49        all     45,11      0,00     54,64      0,00      0,00      0,25
14:58:51        all     47,75      0,00     52,00      0,00      0,00      0,25
14:58:53        all     47,75      0,00     51,50      0,00      0,25      0,50
14:58:55        all     45,98      0,00     53,27      0,00      0,00      0,75
14:58:57        all     47,25      0,00     52,00      0,00      0,00      0,75
14:58:59        all     44,75      0,00     55,00      0,00      0,00      0,25
14:59:01        all     43,86      0,00     55,64      0,00      0,00      0,50
14:59:03        all     46,87      0,00     52,38      0,00      0,00      0,75
14:59:05        all     46,00      0,00     53,75      0,00      0,00      0,25
14:59:07        all     45,25      0,00     54,75      0,00      0,00      0,00
14:59:09        all     34,58      0,00     33,58      0,00      0,00     31,84
14:59:11        all      5,76      0,00      0,75      0,00      0,00     93,48
14:59:13        all      5,24      0,00      1,25      0,25      0,00     93,27
14:59:15        all      4,77      0,00      1,76      0,00      0,00     93,47
14:59:17        all      4,27      0,00      2,01      0,00      0,00     93,72
14:59:19        all      5,00      0,00      1,25      0,00      0,00     93,75
14:59:21        all      0,75      0,00      0,75      0,00      0,00     98,50
14:59:23        all      5,03      0,00      1,51      0,00      0,00     93,47
14:59:25        all      4,76      0,00      2,26      0,00      0,00     92,98
14:59:27        all      5,03      0,00      1,76      0,00      0,00     93,22
14:59:29        all     14,04      0,00     10,78      0,00      0,00     75,19
14:59:31        all     47,50      0,00     52,00      0,00      0,25      0,25
14:59:33        all     44,89      0,00     54,61      0,00      0,00      0,50
14:59:35        all     46,98      0,00     52,51      0,00      0,00      0,50
14:59:37        all     44,64      0,00     54,86      0,00      0,00      0,50
14:59:39        all     48,37      0,00     51,38      0,00      0,00      0,25
14:59:41        all     47,37      0,00     51,88      0,00      0,00      0,75
14:59:43        all     47,75      0,00     52,00      0,00      0,00      0,25
14:59:45        all     44,00      0,00     55,50      0,25      0,25      0,00
14:59:47        all     44,00      0,00     55,75      0,00      0,00      0,25
14:59:49        all     48,87      0,00     51,13      0,00      0,00      0,00
14:59:51        all     48,50      0,00     51,25      0,00      0,00      0,25
14:59:53        all     48,00      0,00     52,00      0,00      0,00      0,00
14:59:55        all     48,13      0,00     51,87      0,00      0,00      0,00
14:59:57        all     38,00      0,00     38,00      0,00      0,00     24,00
14:59:59        all      0,50      0,00      1,50      0,00      0,00     97,99
15:00:01        all      5,01      0,00      1,00      0,00      0,00     93,98
15:00:03        all      5,53      0,00      1,01      0,00      0,00     93,47
15:00:05        all      5,76      0,00      1,75      0,00      0,00     92,48
15:00:07        all      5,76      0,00      1,25      0,00      0,00     92,98
15:00:09        all      5,51      0,00      1,25      0,00      0,00     93,23
15:00:11        all      5,28      0,00      1,26      0,00      0,00     93,47
15:00:13        all      4,99      0,00      2,00      0,00      0,00     93,02
15:00:15        all      5,53      0,00      1,26      0,00      0,00     93,22
15:00:17        all      1,00      0,00      0,75      0,00      0,00     98,25
15:00:19        all      4,26      0,00      1,50      0,00      0,00     94,24
15:00:21        all      4,76      0,00      2,26      0,00      0,00     92,98
15:00:23        all      5,01      0,00      1,25      0,25      0,00     93,48
15:00:25        all      5,00      0,00      2,00      0,00      0,00     93,00
15:00:27        all      5,25      0,00      1,75      0,00      0,25     92,75
15:00:29        all      5,50      0,00      1,75      0,00      0,00     92,75
15:00:31        all      5,25      0,00      1,75      0,00      0,00     93,00
15:00:33        all      5,53      0,00      1,51      0,00      0,00     92,96
15:00:35        all      1,00      0,00      0,75      0,00      0,00     98,25

Media:          all     14,93      0,00     18,72      0,02      0,03     66,31
