Linux 4.4.0-112-generic (virtual) 	15/03/18 	_x86_64_	(2 CPU)

10:08:26        CPU     %user     %nice   %system   %iowait    %steal     %idle
10:08:28        all      5,25      0,00      0,75      0,00      0,00     94,00
10:08:30        all      5,78      0,00      1,01      0,00      0,00     93,22
10:08:32        all      1,00      0,00      0,50      0,00      0,00     98,50
10:08:34        all      5,97      0,00      8,96      0,00      0,00     85,07
10:08:36        all      4,76      0,00      1,50      0,00      0,00     93,73
10:08:38        all      4,51      0,00      1,75      0,00      0,00     93,73
10:08:40        all      4,74      0,00      1,50      0,00      0,00     93,77
10:08:42        all      5,00      0,00      1,75      0,00      0,00     93,25
10:08:44        all      5,01      0,00      1,25      0,00      0,00     93,73
10:08:46        all      4,76      0,00      1,75      0,00      0,00     93,48
10:08:48        all      4,77      0,00      1,26      0,00      0,00     93,97
10:08:50        all      2,01      0,00      0,75      0,00      0,00     97,24
10:08:52        all      3,01      0,00      0,50      0,00      0,00     96,49
10:08:54        all      7,50      0,00      7,50      0,00      0,00     85,00
10:08:56        all      4,52      0,00      1,51      0,00      0,00     93,97
10:08:58        all      5,00      0,00      1,25      0,00      0,00     93,75
10:09:00        all      5,01      0,00      1,25      0,00      0,00     93,73
10:09:02        all      7,54      0,00      2,76      0,00      0,00     89,70
10:09:04        all      4,77      0,00      1,01      0,00      0,00     94,22
10:09:06        all      5,00      0,00      1,75      0,00      0,00     93,25
10:09:08        all      2,01      0,00      0,75      0,00      0,00     97,24
10:09:10        all      2,51      0,00      0,50      0,00      0,00     96,98
10:09:12        all      4,75      0,00      1,00      0,00      0,00     94,25
10:09:14        all     13,57      0,00     25,88      0,00      0,25     60,30
10:09:16        all      8,02      0,00      7,27      0,00      0,00     84,71
10:09:18        all      4,52      0,00      1,26      0,00      0,00     94,22
10:09:20        all      4,75      0,00      1,25      0,25      0,00     93,75
10:09:22        all      4,50      0,00      1,75      0,00      0,00     93,75
10:09:24        all      4,76      0,00      1,50      0,00      0,00     93,73
10:09:26        all      4,25      0,00      1,25      0,00      0,00     94,50
10:09:28        all      0,25      0,00      0,50      0,00      0,00     99,25
10:09:30        all      5,01      0,00      2,26      0,00      0,00     92,73
10:09:32        all      4,51      0,00      1,75      0,00      0,00     93,73
10:09:34        all      5,28      0,00      1,26      0,00      0,00     93,47
10:09:36        all     16,62      0,00     33,25      0,00      0,00     50,13
10:09:38        all      5,24      0,00      2,00      0,00      0,00     92,77
10:09:40        all      5,25      0,00      1,25      0,00      0,00     93,50
10:09:42        all      4,26      0,00      1,50      0,00      0,00     94,24
10:09:44        all      3,52      0,00      1,01      0,00      0,00     95,48
10:09:46        all      0,75      0,00      0,75      0,00      0,25     98,25
10:09:48        all      5,01      0,00      1,75      0,00      0,00     93,23
10:09:50        all      5,28      0,00      1,26      0,00      0,00     93,47
10:09:52        all      6,22      0,00      1,49      0,25      0,00     92,04
10:09:54        all      4,77      0,00      1,01      0,00      0,00     94,22
10:09:56        all      4,52      0,00      1,51      0,00      0,00     93,97
10:09:58        all     21,01      0,00     45,32      0,00      0,00     33,67
10:10:00        all     12,41      0,00     20,25      0,00      0,00     67,34
10:10:02        all      3,26      0,00      0,75      0,00      0,00     95,99
10:10:04        all      2,74      0,00      0,50      0,00      0,00     96,76
10:10:06        all      5,49      0,00      1,50      0,00      0,00     93,02
10:10:08        all      4,28      0,00      1,51      0,00      0,00     94,21
10:10:10        all      4,76      0,00      1,25      0,00      0,00     93,98
10:10:12        all      5,25      0,00      1,25      0,00      0,00     93,50
10:10:14        all      5,26      0,00      1,25      0,00      0,00     93,48
10:10:16        all      5,01      0,00      1,50      0,00      0,00     93,48
10:10:18        all      4,77      0,00      1,26      0,00      0,00     93,97
10:10:20        all      9,55      0,00     20,60      0,00      0,00     69,85
10:10:22        all     19,95      0,00     45,20      0,00      0,00     34,85
10:10:24        all      6,27      0,00      1,50      0,00      0,00     92,23
10:10:26        all      4,75      0,00      2,00      0,00      0,00     93,25
10:10:28        all      5,01      0,00      0,75      0,00      0,00     94,24
10:10:30        all      5,53      0,00      0,50      0,00      0,00     93,97
10:10:32        all      5,28      0,00      0,75      0,00      0,00     93,97
10:10:34        all      4,50      0,00      1,75      0,00      0,00     93,75
10:10:36        all      5,76      0,00      1,50      0,00      0,00     92,73
10:10:38        all      0,00      0,00      0,25      0,00      0,00     99,75
10:10:40        all      5,01      0,00      0,75      0,00      0,00     94,24
10:10:42        all      4,74      0,00      1,50      0,00      0,00     93,77
10:10:44        all     17,47      0,00     37,72      0,00      0,25     44,56
10:10:46        all     22,72      0,00     48,04      0,00      0,26     28,98
10:10:48        all     23,48      0,00     45,96      0,25      0,00     30,30
10:10:50        all     28,32      0,00     51,63      0,00      0,00     20,05
10:10:52        all     25,85      0,00     51,44      0,00      0,00     22,72
10:10:54        all     27,30      0,00     53,60      0,00      0,00     19,11
10:10:56        all     15,87      0,00     29,97      0,00      0,00     54,16
10:10:58        all      5,26      0,00      1,00      0,00      0,00     93,73
10:11:00        all      4,50      0,00      2,00      0,00      0,00     93,50
10:11:02        all      4,01      0,00      2,26      0,00      0,00     93,73
10:11:04        all      5,01      0,00      1,25      0,00      0,00     93,73
10:11:06        all      5,51      0,00      1,50      0,00      0,00     92,98
10:11:08        all      4,77      0,00      1,51      0,00      0,00     93,72
10:11:10        all      3,75      0,00      1,25      0,00      0,00     95,00
10:11:12        all      2,01      0,00      0,50      0,00      0,00     97,49
10:11:14        all      5,26      0,00      1,25      0,00      0,00     93,48
10:11:16        all     14,96      0,00     24,94      0,25      0,00     59,85
10:11:18        all     25,12      0,00     52,24      0,00      0,25     22,39
10:11:20        all     28,79      0,00     50,64      0,00      0,00     20,57
10:11:22        all     32,49      0,00     52,14      0,00      0,00     15,37
10:11:24        all     30,10      0,00     54,34      0,00      0,00     15,56
10:11:26        all     28,46      0,00     55,90      0,00      0,00     15,64
10:11:28        all     17,60      0,00     34,18      0,00      0,00     48,21
10:11:30        all      5,50      0,00      1,50      0,00      0,00     93,00
10:11:32        all      4,75      0,00      1,75      0,00      0,25     93,25
10:11:34        all      5,01      0,00      1,50      0,00      0,00     93,48
10:11:36        all      5,75      0,00      1,25      0,00      0,00     93,00
10:11:38        all      5,00      0,00      2,00      0,00      0,00     93,00
10:11:40        all      5,01      0,00      1,75      0,00      0,00     93,23
10:11:42        all      5,01      0,00      1,50      0,00      0,00     93,48
10:11:44        all      1,76      0,00      0,75      0,00      0,00     97,49
10:11:46        all      3,49      0,00      1,00      0,00      0,00     95,51
10:11:48        all     13,53      0,00     21,80      0,00      0,00     64,66
10:11:50        all     26,18      0,00     50,87      0,00      0,00     22,94
10:11:52        all     28,61      0,00     49,37      0,00      0,00     22,03
10:11:54        all     32,75      0,00     51,25      0,25      0,00     15,75
10:11:56        all     31,70      0,00     55,93      0,00      0,00     12,37
10:11:58        all     26,13      0,00     52,01      0,00      0,00     21,86
10:12:00        all     25,62      0,00     45,27      0,00      0,00     29,10
10:12:02        all      5,26      0,00      2,01      0,00      0,00     92,73
10:12:04        all      4,77      0,00      2,01      0,00      0,00     93,22
10:12:06        all      5,00      0,00      2,00      0,00      0,00     93,00
10:12:08        all      4,76      0,00      1,50      0,00      0,00     93,73
10:12:10        all      4,52      0,00      1,76      0,00      0,00     93,72
10:12:12        all      5,01      0,00      1,75      0,00      0,00     93,23
10:12:14        all      5,51      0,00      1,50      0,00      0,00     92,98
10:12:16        all      4,25      0,00      2,50      0,00      0,00     93,25
10:12:18        all      0,25      0,00      0,25      0,00      0,00     99,50
10:12:20        all      6,27      0,00      1,75      0,00      0,00     91,98
10:12:22        all     27,57      0,00     56,14      0,00      0,00     16,29
10:12:24        all     27,18      0,00     52,31      0,00      0,26     20,26
10:12:26        all     27,46      0,00     53,89      0,00      0,00     18,65
10:12:28        all     29,75      0,00     52,00      0,25      0,00     18,00
10:12:30        all     29,44      0,00     51,27      0,00      0,00     19,29
10:12:32        all     27,41      0,00     54,57      0,00      0,00     18,02
10:12:34        all     30,15      0,00     51,01      0,00      0,00     18,84
10:12:36        all     28,79      0,00     52,78      0,00      0,00     18,43
10:12:38        all     31,83      0,00     48,62      0,00      0,25     19,30
10:12:40        all     25,13      0,00     53,81      0,00      0,00     21,07
10:12:42        all     29,00      0,00     53,00      0,00      0,00     18,00
10:12:44        all     27,41      0,00     53,05      0,00      0,00     19,54
10:12:46        all     15,54      0,00     30,83      0,00      0,00     53,63
10:12:48        all      4,02      0,00      1,26      0,00      0,00     94,72
10:12:50        all      4,75      0,00      1,75      0,00      0,00     93,50
10:12:52        all      4,77      0,00      1,26      0,00      0,00     93,97
10:12:54        all      6,02      0,00      1,00      0,00      0,00     92,98
10:12:56        all      5,00      0,00      2,00      0,00      0,00     93,00
10:12:58        all      4,52      0,00      1,76      0,00      0,00     93,72
10:13:00        all      4,74      0,00      2,24      0,00      0,00     93,02
10:13:02        all      4,76      0,00      1,75      0,00      0,00     93,48
10:13:04        all      3,24      0,00      1,00      0,00      0,00     95,76
10:13:06        all     12,81      0,00     21,11      0,00      0,00     66,08
10:13:08        all     28,10      0,00     52,66      0,25      0,00     18,99
10:13:10        all     27,27      0,00     52,99      0,00      0,00     19,74
10:13:12        all     31,33      0,00     51,38      0,00      0,25     17,04
10:13:14        all     31,65      0,00     54,18      0,00      0,00     14,18
10:13:16        all     29,57      0,00     53,13      0,00      0,00     17,29
10:13:18        all     25,82      0,00     61,01      0,00      0,00     13,16
10:13:20        all     32,07      0,00     57,32      0,00      0,00     10,61
10:13:22        all     28,08      0,00     52,23      0,00      0,26     19,42
10:13:24        all     27,27      0,00     56,57      0,00      0,00     16,16
10:13:26        all     32,26      0,00     49,88      0,00      0,00     17,87
10:13:28        all     29,74      0,00     54,87      0,00      0,00     15,38
10:13:30        all     27,36      0,00     50,00      0,00      0,00     22,64
10:13:32        all      2,01      0,00      0,75      0,00      0,00     97,24
10:13:34        all      5,01      0,00      1,75      0,00      0,00     93,23
10:13:36        all      5,00      0,00      2,00      0,00      0,00     93,00
10:13:38        all      4,53      0,00      1,51      0,00      0,00     93,95
10:13:40        all      5,00      0,00      1,75      0,00      0,00     93,25
10:13:42        all      5,01      0,00      1,25      0,00      0,00     93,73
10:13:44        all      5,50      0,00      1,00      0,00      0,00     93,50
10:13:46        all      5,01      0,00      1,75      0,25      0,00     92,98
10:13:48        all      4,52      0,00      1,51      0,00      0,00     93,97
10:13:50        all      0,50      0,00      0,75      0,00      0,00     98,75
10:13:52        all     29,22      0,00     52,90      0,00      0,00     17,88
10:13:54        all     29,97      0,00     55,81      0,00      0,00     14,21
10:13:56        all     31,22      0,00     56,60      0,25      0,00     11,93
10:13:58        all     26,18      0,00     54,36      0,00      0,00     19,45
10:14:00        all     30,46      0,00     49,75      0,00      0,00     19,80
10:14:02        all     29,52      0,00     55,98      0,00      0,25     14,25
10:14:04        all     22,76      0,00     51,15      0,00      0,00     26,09
10:14:06        all     28,79      0,00     55,01      0,00      0,00     16,20
10:14:08        all     29,37      0,00     55,70      0,00      0,00     14,94
10:14:10        all     31,74      0,00     54,41      0,00      0,00     13,85
10:14:12        all     26,99      0,00     53,47      0,26      0,26     19,02
10:14:14        all     31,38      0,00     57,40      4,08      0,00      7,14
10:14:16        all     11,81      0,00     14,82      0,00      0,00     73,37
10:14:18        all      1,25      0,00      0,75      0,00      0,00     97,99
10:14:20        all      3,52      0,00      1,01      0,00      0,00     95,48
10:14:22        all      5,00      0,00      1,25      0,00      0,00     93,75
10:14:24        all      5,01      0,00      1,50      0,00      0,00     93,48
10:14:26        all      5,03      0,00      1,76      0,00      0,00     93,22
10:14:28        all      4,76      0,00      1,75      0,00      0,00     93,48
10:14:30        all      5,00      0,00      1,75      0,00      0,00     93,25
10:14:32        all      5,01      0,00      1,50      0,00      0,00     93,48
10:14:34        all      5,01      0,00      2,26      0,00      0,00     92,73
10:14:36        all      6,48      0,00      7,98      0,00      0,00     85,54
10:14:38        all      2,25      0,00      0,75      0,00      0,00     97,00
10:14:40        all      5,01      0,00      1,75      0,00      0,00     93,23
10:14:42        all      5,25      0,00      1,25      0,00      0,00     93,50
10:14:44        all      5,01      0,00      1,25      0,00      0,00     93,73
10:14:46        all      5,03      0,00      1,51      0,00      0,00     93,47
10:14:48        all      4,51      0,00      2,26      0,00      0,00     93,23
10:14:50        all      4,75      0,00      2,25      0,25      0,00     92,75
10:14:52        all      4,75      0,00      1,75      0,00      0,00     93,50
10:14:54        all      5,26      0,00      1,25      0,00      0,00     93,48
10:14:56        all      2,76      0,00      7,54      0,00      0,00     89,70
10:14:58        all      4,50      0,00      1,50      0,00      0,25     93,75
10:15:00        all      5,01      0,00      1,50      0,00      0,00     93,48
10:15:02        all      5,01      0,00      2,26      0,00      0,00     92,73
10:15:04        all      6,02      0,00      1,75      0,00      0,00     92,23
10:15:06        all      5,26      0,00      1,25      0,00      0,00     93,48
10:15:08        all      4,52      0,00      2,01      0,00      0,00     93,47
10:15:10        all      4,76      0,00      1,75      0,00      0,00     93,48
10:15:12        all      4,76      0,00      1,50      0,00      0,00     93,73
10:15:14        all      2,00      0,00      1,00      0,00      0,25     96,75
10:15:16        all     12,63      0,00     21,97      0,00      0,00     65,40
10:15:18        all     10,53      0,00     15,04      0,00      0,00     74,44
10:15:20        all      5,28      0,00      1,76      0,00      0,00     92,96
10:15:22        all      4,50      0,00      2,00      0,25      0,00     93,25
10:15:24        all      4,77      0,00      1,51      0,00      0,00     93,72
10:15:26        all      4,76      0,00      1,75      0,00      0,00     93,48
10:15:28        all      5,00      0,00      1,75      0,00      0,00     93,25
10:15:30        all      4,51      0,00      1,75      0,00      0,00     93,73
10:15:32        all      0,75      0,00      0,50      0,00      0,00     98,75
10:15:34        all      4,77      0,00      1,51      0,00      0,00     93,72
10:15:36        all      5,26      0,00      1,50      0,00      0,00     93,23
10:15:38        all     19,85      0,00     33,59      0,00      0,25     46,31
10:15:40        all      5,03      0,00      2,01      0,00      0,00     92,96
10:15:42        all      5,03      0,00      1,51      0,00      0,00     93,47
10:15:44        all      5,03      0,00      1,76      0,00      0,00     93,22
10:15:46        all      4,52      0,00      2,26      0,00      0,00     93,22
10:15:48        all      0,25      0,00      0,50      0,00      0,00     99,25
10:15:50        all      4,51      0,00      2,01      0,25      0,00     93,23
10:15:52        all      5,25      0,00      1,75      0,00      0,00     93,00
10:15:54        all      4,76      0,00      1,75      0,00      0,00     93,48
10:15:56        all      5,53      0,00      1,26      0,00      0,00     93,22
10:15:58        all      4,51      0,00      1,75      0,00      0,00     93,73
10:16:00        all     28,86      0,00     49,00      0,00      0,25     21,89
10:16:02        all     10,75      0,00     12,25      0,00      0,00     77,00
10:16:04        all      5,24      0,00      1,50      0,00      0,00     93,27
10:16:06        all      1,01      0,00      0,25      0,00      0,00     98,74
10:16:08        all      3,76      0,00      1,50      0,00      0,00     94,74
10:16:10        all      5,26      0,00      1,25      0,00      0,00     93,48
10:16:12        all      5,01      0,00      1,75      0,00      0,00     93,23
10:16:14        all      5,03      0,00      1,51      0,00      0,00     93,47
10:16:16        all      6,77      0,00      1,50      0,00      0,00     91,73
10:16:18        all      4,76      0,00      2,26      0,25      0,00     92,73
10:16:20        all      6,50      0,00      2,00      0,00      0,00     91,50
10:16:22        all     11,06      0,00     19,10      0,00      0,00     69,85
10:16:24        all     20,97      0,00     43,73      0,00      0,00     35,29
10:16:26        all      5,75      0,00      1,50      0,00      0,00     92,75
10:16:28        all      5,26      0,00      2,26      0,00      0,00     92,48
10:16:30        all      4,99      0,00      1,50      0,00      0,25     93,27
10:16:32        all      6,77      0,00      1,00      0,00      0,00     92,23
10:16:34        all      5,50      0,00      2,25      0,00      0,00     92,25
10:16:36        all      5,28      0,00      1,51      0,00      0,00     93,22
10:16:38        all      5,03      0,00      2,01      0,00      0,00     92,96
10:16:40        all      0,75      0,00      0,75      0,00      0,00     98,50
10:16:42        all      4,26      0,00      2,01      0,00      0,00     93,73
10:16:44        all      5,25      0,00      1,25      0,00      0,00     93,50
10:16:46        all     17,97      0,00     31,65      0,00      0,00     50,38
10:16:48        all     28,14      0,00     51,26      0,25      0,00     20,35
10:16:50        all     27,69      0,00     51,79      0,00      0,26     20,26
10:16:52        all     26,43      0,00     51,37      0,00      0,00     22,19
10:16:54        all     25,71      0,00     57,07      0,00      0,00     17,22
10:16:56        all     24,37      0,00     54,52      0,00      0,00     21,11
10:16:58        all     11,65      0,00     19,24      0,00      0,00     69,11
10:17:00        all      5,26      0,00      1,75      0,00      0,00     92,98
10:17:02        all      5,99      0,00      2,24      0,25      0,00     91,52
10:17:04        all      5,01      0,00      1,50      0,00      0,25     93,23
10:17:06        all      5,01      0,00      1,50      0,00      0,00     93,48
10:17:08        all      4,52      0,00      1,51      0,00      0,00     93,97
10:17:10        all      5,51      0,00      1,50      0,00      0,00     92,98
10:17:12        all      4,77      0,00      1,76      0,00      0,00     93,47
10:17:14        all      1,26      0,00      1,26      0,00      0,00     97,49
10:17:16        all      3,51      0,00      1,50      0,00      0,00     94,99
10:17:18        all     16,37      0,00     32,49      0,00      0,00     51,13
10:17:20        all     26,97      0,00     49,62      0,00      0,00     23,41
10:17:22        all     28,43      0,00     55,33      0,00      0,00     16,24
10:17:24        all     26,05      0,00     56,58      0,00      0,25     17,12
10:17:26        all     31,31      0,00     57,32      0,00      0,00     11,36
10:17:28        all     24,43      0,00     55,47      0,00      0,00     20,10
10:17:30        all     21,61      0,00     33,42      0,25      0,00     44,72
10:17:32        all      4,77      0,00      1,76      0,00      0,00     93,47
10:17:34        all      4,53      0,00      1,51      0,00      0,00     93,95
10:17:36        all      5,50      0,00      1,25      0,00      0,00     93,25
10:17:38        all      4,76      0,00      2,26      0,00      0,00     92,98
10:17:40        all      5,00      0,00      2,00      0,00      0,00     93,00
10:17:42        all      5,01      0,00      1,75      0,00      0,00     93,23
10:17:44        all      5,04      0,00      1,76      1,01      0,00     92,19
10:17:46        all      2,99      0,00      1,00      0,00      0,25     95,76
10:17:48        all      3,00      0,00      1,00      0,00      0,00     96,00
10:17:50        all     14,14      0,00     17,93      0,00      0,00     67,93
10:17:52        all     29,31      0,00     53,47      0,00      0,00     17,22
10:17:54        all     28,68      0,00     53,05      0,00      0,25     18,02
10:17:56        all     35,34      0,00     50,88      0,00      0,00     13,78
10:17:58        all     29,69      0,00     53,12      0,26      0,00     16,93
10:18:00        all     27,59      0,00     52,41      0,00      0,00     20,00
10:18:02        all     21,45      0,00     41,65      0,00      0,00     36,91
10:18:04        all      5,51      0,00      1,75      0,00      0,00     92,73
10:18:06        all      4,26      0,00      2,26      0,00      0,00     93,48
10:18:08        all      5,00      0,00      2,00      0,00      0,00     93,00
10:18:10        all      4,76      0,00      1,75      0,00      0,00     93,48
10:18:12        all      5,00      0,00      1,50      0,25      0,00     93,25
10:18:14        all      4,76      0,00      2,01      0,00      0,00     93,23
10:18:16        all      5,50      0,00      1,75      0,00      0,00     92,75
10:18:18        all      3,52      0,00      1,01      0,00      0,00     95,48
10:18:20        all      2,25      0,00      0,25      0,00      0,00     97,50
10:18:22        all     10,17      0,00     11,41      0,00      0,00     78,41
10:18:24        all     32,00      0,00     54,25      0,00      0,25     13,50
10:18:26        all     27,62      0,00     51,66      0,00      0,26     20,46
10:18:28        all     27,34      0,00     52,41      0,00      0,00     20,25
10:18:30        all     26,72      0,00     54,71      0,00      0,00     18,58
10:18:32        all     26,49      0,00     52,47      0,00      0,00     21,04
10:18:34        all     24,37      0,00     52,76      0,00      0,00     22,86
10:18:36        all     30,27      0,00     50,87      0,00      0,00     18,86
10:18:38        all     27,27      0,00     51,17      0,00      0,26     21,30
10:18:40        all     31,30      0,00     51,65      0,00      0,00     17,05
10:18:42        all     27,43      0,00     54,36      0,00      0,00     18,20
10:18:44        all     27,02      0,00     51,26      0,00      0,00     21,72
10:18:46        all     23,75      0,00     54,75      0,00      0,00     21,50
10:18:48        all     14,68      0,00     21,39      0,00      0,00     63,93
10:18:50        all      6,28      0,00      1,76      0,00      0,00     91,96
10:18:52        all      5,74      0,00      2,00      0,00      0,00     92,27
10:18:54        all      6,02      0,00      1,00      0,25      0,00     92,73
10:18:56        all      6,52      0,00      2,01      0,00      0,25     91,23
10:18:58        all      5,01      0,00      2,01      0,00      0,00     92,98
10:19:00        all      6,52      0,00      1,50      0,00      0,00     91,98
10:19:02        all      2,00      0,00      1,25      0,00      0,00     96,75
10:19:04        all      3,26      0,00      1,50      0,00      0,00     95,24
10:19:06        all      5,28      0,00      1,76      0,00      0,00     92,96
10:19:08        all     15,48      0,00     28,43      0,00      0,00     56,09
10:19:10        all     28,57      0,00     51,53      0,00      0,00     19,90
10:19:12        all     29,01      0,00     52,16      0,00      0,00     18,83
10:19:14        all     33,25      0,00     51,50      0,00      0,25     15,00
10:19:16        all     25,58      0,00     53,49      0,00      0,00     20,93
10:19:18        all     30,30      0,00     51,23      0,00      0,00     18,47
10:19:20        all     33,08      0,00     53,79      0,00      0,00     13,13
10:19:22        all     29,72      0,00     57,11      0,00      0,00     13,18
10:19:24        all     31,14      0,00     50,63      0,00      0,25     17,97
10:19:26        all     31,22      0,00     48,73      0,00      0,00     20,05
10:19:28        all     31,42      0,00     51,12      0,00      0,00     17,46
10:19:30        all     28,75      0,00     54,96      0,00      0,00     16,28
10:19:32        all     24,62      0,00     49,49      0,00      0,00     25,90
10:19:34        all      5,26      0,00      1,50      0,00      0,00     93,23
10:19:36        all      4,75      0,00      1,50      0,25      0,00     93,50
10:19:38        all      5,01      0,00      1,25      0,00      0,00     93,73
10:19:40        all      5,51      0,00      1,75      0,00      0,00     92,73
10:19:42        all      5,26      0,00      1,25      0,00      0,00     93,48
10:19:44        all      5,25      0,00      1,50      0,00      0,00     93,25
10:19:46        all      4,02      0,00      1,51      0,00      0,00     94,47
10:19:48        all      1,25      0,00      0,25      0,00      0,00     98,50
10:19:50        all      4,50      0,00      2,00      0,00      0,00     93,50
10:19:52        all      7,02      0,00      7,52      0,00      0,00     85,46
10:19:54        all     30,12      0,00     51,85      0,00      0,00     18,02
10:19:56        all     29,10      0,00     56,97      0,00      0,25     13,68
10:19:58        all     31,20      0,00     54,22      0,00      0,00     14,58
10:20:00        all     27,78      0,00     53,79      0,00      0,00     18,43
10:20:02        all     31,74      0,00     52,90      0,00      0,00     15,37
10:20:04        all     26,72      0,00     54,71      0,25      0,00     18,32
10:20:06        all     28,82      0,00     52,63      0,00      0,00     18,55
10:20:08        all     27,02      0,00     54,80      0,00      0,25     17,93
10:20:10        all     30,28      0,00     49,36      0,00      0,00     20,36
10:20:12        all     30,81      0,00     48,23      0,00      0,00     20,96
10:20:14        all     30,63      0,00     51,14      0,00      0,00     18,23
10:20:16        all     26,72      0,00     54,96      0,00      0,00     18,32
10:20:18        all     23,75      0,00     44,00      0,00      0,00     32,25
10:20:20        all      0,50      0,00      0,50      0,00      0,00     99,00
10:20:22        all      5,25      0,00      1,00      0,00      0,00     93,75
10:20:24        all      5,01      0,00      1,25      0,00      0,00     93,73
10:20:26        all      5,99      0,00      1,75      0,00      0,00     92,27
10:20:28        all      5,53      0,00      1,26      0,00      0,00     93,22
10:20:30        all      4,50      0,00      2,25      0,25      0,00     93,00
10:20:32        all      5,26      0,00      1,00      0,00      0,00     93,73
10:20:34        all      4,75      0,00      1,50      0,00      0,25     93,50
10:20:36        all      5,26      0,00      1,25      0,00      0,00     93,48
10:20:38        all      9,00      0,00      9,00      0,00      0,00     82,00
10:20:40        all      3,77      0,00      0,75      0,00      0,00     95,48
10:20:42        all      4,74      0,00      2,24      0,25      0,00     92,77
10:20:44        all      5,53      0,00      1,51      0,00      0,00     92,96
10:20:46        all      5,01      0,00      2,01      0,00      0,00     92,98
10:20:48        all      5,51      0,00      2,01      0,00      0,00     92,48
10:20:50        all      5,51      0,00      2,01      0,00      0,00     92,48
10:20:52        all      5,25      0,00      2,00      0,00      0,00     92,75
10:20:54        all      5,51      0,00      1,75      0,00      0,00     92,73
10:20:56        all      1,00      0,00      0,50      0,00      0,00     98,50
10:20:58        all     11,75      0,00      9,00      0,00      0,00     79,25
10:21:00        all     27,64      0,00     29,90      0,00      0,00     42,46
10:21:02        all      5,51      0,00      1,00      0,00      0,25     93,23
10:21:04        all      5,26      0,00      1,50      0,00      0,00     93,23
10:21:06        all      5,26      0,00      1,50      0,00      0,00     93,23
10:21:08        all      5,00      0,00      2,00      0,25      0,00     92,75
10:21:10        all      5,28      0,00      2,01      0,00      0,00     92,71
10:21:12        all      3,01      0,00      1,25      0,00      0,00     95,74
10:21:14        all      2,51      0,00      1,01      0,00      0,00     96,48
10:21:16        all      5,03      0,00      1,76      0,00      0,00     93,22
10:21:18        all      5,76      0,00      1,25      0,25      0,00     92,73
10:21:20        all     24,18      0,00     23,17      0,00      0,00     52,64
10:21:22        all     14,96      0,00     15,46      0,00      0,00     69,58
10:21:24        all      5,29      0,00      1,01      0,00      0,00     93,70
10:21:26        all      5,00      0,00      1,50      0,25      0,00     93,25
10:21:28        all      4,50      0,00      2,25      0,00      0,00     93,25
10:21:30        all      3,54      0,00      1,26      0,00      0,00     95,20
10:21:32        all      2,26      0,00      0,75      0,00      0,00     96,99
10:21:34        all      6,78      0,00      2,01      0,00      0,00     91,21
10:21:36        all      6,02      0,00      1,50      0,00      0,00     92,48
10:21:38        all      5,03      0,00      1,01      0,00      0,00     93,97
10:21:40        all      5,25      0,00      1,25      0,00      0,25     93,25
10:21:42        all     34,09      0,00     38,10      0,00      0,00     27,82
10:21:44        all     30,83      0,00     34,09      0,00      0,00     35,09
10:21:46        all      2,50      0,00      1,25      0,00      0,00     96,25
10:21:48        all      3,01      0,00      1,25      0,25      0,00     95,49
10:21:50        all      5,26      0,00      1,25      0,00      0,00     93,48
10:21:52        all      4,76      0,00      2,01      0,00      0,00     93,23
10:21:54        all      5,03      0,00      1,51      0,00      0,00     93,47
10:21:56        all      5,53      0,00      1,01      0,00      0,00     93,47
10:21:58        all      5,24      0,00      2,00      0,00      0,00     92,77
10:22:00        all      5,78      0,00      1,26      0,00      0,00     92,96
10:22:02        all      4,76      0,00      2,01      0,00      0,00     93,23
10:22:04        all     16,46      0,00     23,69      0,00      0,25     59,60
10:22:06        all     42,50      0,00     51,75      0,00      0,00      5,75
10:22:08        all      5,25      0,00      1,50      0,00      0,00     93,25
10:22:10        all      5,01      0,00      1,75      0,00      0,00     93,23
10:22:12        all      5,28      0,00      1,51      0,00      0,00     93,22
10:22:14        all      5,76      0,00      2,26      0,00      0,00     91,98
10:22:16        all      5,76      0,00      1,50      0,00      0,00     92,73
10:22:18        all      5,04      0,00      2,52      0,00      0,00     92,44
10:22:20        all      1,00      0,00      1,25      0,00      0,00     97,74
10:22:22        all      4,75      0,00      1,00      0,00      0,00     94,25
10:22:24        all      5,76      0,00      2,01      0,00      0,00     92,23
10:22:26        all      6,78      0,00      4,02      0,00      0,00     89,20
10:22:28        all     44,72      0,00     53,77      0,00      0,00      1,51
10:22:30        all     46,63      0,00     52,62      0,00      0,25      0,50
10:22:32        all     44,64      0,00     54,86      0,00      0,00      0,50
10:22:34        all     41,46      0,00     58,54      0,00      0,00      0,00
10:22:36        all     45,61      0,00     54,14      0,00      0,00      0,25
10:22:38        all     47,38      0,00     50,87      0,00      0,25      1,50
10:22:40        all     43,64      0,00     51,62      0,00      0,00      4,74
10:22:42        all      5,03      0,00      2,01      0,00      0,00     92,96
10:22:44        all      4,76      0,00      2,26      0,00      0,00     92,98
10:22:46        all      0,50      0,00      0,50      0,00      0,00     98,99
10:22:48        all      4,50      0,00      1,75      0,25      0,00     93,50
10:22:50        all      5,53      0,00      1,01      0,00      0,00     93,47
10:22:52        all      5,50      0,00      2,00      0,00      0,00     92,50
10:22:54        all      5,28      0,00      1,26      0,00      0,00     93,47
10:22:56        all      4,76      0,00      2,01      0,00      0,00     93,23
10:22:58        all      5,78      0,00      1,26      0,00      0,00     92,96
10:23:00        all      5,78      0,00      2,26      0,00      0,00     91,96
10:23:02        all     43,25      0,00     56,25      0,00      0,00      0,50
10:23:04        all     43,25      0,00     56,25      0,00      0,00      0,50
10:23:06        all     48,12      0,00     51,88      0,00      0,00      0,00
10:23:08        all     45,36      0,00     54,64      0,00      0,00      0,00
10:23:10        all     47,75      0,00     52,25      0,00      0,00      0,00
10:23:12        all     48,13      0,00     51,37      0,00      0,00      0,50
10:23:14        all     41,56      0,00     53,65      0,00      0,00      4,79
10:23:16        all      2,25      0,00      1,50      0,00      0,00     96,25
10:23:18        all      5,50      0,00      1,75      0,00      0,25     92,50
10:23:20        all      6,27      0,00      2,01      0,00      0,00     91,73
10:23:22        all      5,01      0,00      1,75      0,00      0,00     93,23
10:23:24        all      5,22      0,00      1,99      0,25      0,00     92,54
10:23:26        all      4,79      0,00      1,51      0,00      0,00     93,70
10:23:28        all      6,02      0,00      1,50      0,00      0,00     92,48
10:23:30        all      5,50      0,00      1,25      0,00      0,00     93,25
10:23:32        all      2,25      0,00      0,75      0,00      0,00     97,00
10:23:34        all      3,75      0,00      1,50      0,00      0,00     94,75
10:23:36        all     46,37      0,00     46,62      0,00      0,00      7,02
10:23:38        all     44,75      0,00     54,75      0,00      0,00      0,50
10:23:40        all     43,64      0,00     56,11      0,00      0,25      0,00
10:23:42        all     43,86      0,00     56,14      0,00      0,00      0,00
10:23:44        all     43,86      0,00     54,89      0,00      0,00      1,25
10:23:46        all     44,72      0,00     53,77      0,00      0,00      1,51
10:23:48        all     47,24      0,00     46,73      0,00      0,00      6,03
10:23:50        all      4,27      0,00      2,01      0,00      0,00     93,72
10:23:52        all      4,52      0,00      1,51      0,00      0,00     93,97
10:23:54        all      5,01      0,00      1,75      0,00      0,00     93,23
10:23:56        all      1,75      0,00      0,75      0,00      0,00     97,50
10:23:58        all      3,50      0,00      1,00      0,00      0,25     95,25
10:24:00        all      5,53      0,00      1,51      0,00      0,00     92,96
10:24:02        all      6,03      0,00      1,26      0,00      0,00     92,71
10:24:04        all      5,51      0,00      1,50      0,00      0,00     92,98
10:24:06        all      5,25      0,00      2,00      0,00      0,00     92,75
10:24:08        all      6,77      0,00      2,51      0,00      0,00     90,73
10:24:10        all     46,21      0,00     52,02      0,00      0,00      1,77
10:24:12        all     45,61      0,00     53,63      0,00      0,00      0,75
10:24:14        all     45,96      0,00     52,78      0,00      0,00      1,26
10:24:16        all     43,36      0,00     55,14      0,00      0,00      1,50
10:24:18        all     48,74      0,00     50,50      0,00      0,00      0,75
10:24:20        all     47,50      0,00     52,25      0,00      0,00      0,25
10:24:22        all     45,98      0,00     53,52      0,00      0,25      0,25
10:24:24        all     43,75      0,00     56,00      0,00      0,00      0,25
10:24:26        all     45,73      0,00     53,77      0,00      0,00      0,50
10:24:28        all     46,12      0,00     52,38      0,00      0,00      1,50
10:24:30        all     47,87      0,00     52,13      0,00      0,00      0,00
10:24:32        all     47,25      0,00     52,25      0,00      0,00      0,50
10:24:34        all     47,36      0,00     50,63      0,00      0,00      2,02
10:24:36        all     45,75      0,00     53,25      0,00      0,00      1,00
10:24:38        all      7,27      0,00      4,01      0,00      0,00     88,72
10:24:40        all      5,01      0,00      1,50      0,00      0,00     93,48
10:24:42        all      4,50      0,00      2,50      0,00      0,00     93,00
10:24:44        all      5,00      0,00      1,75      0,00      0,00     93,25
10:24:46        all      5,26      0,00      1,50      0,00      0,00     93,23
10:24:48        all      4,75      0,00      2,00      0,00      0,00     93,25
10:24:50        all      5,03      0,00      1,51      0,00      0,00     93,47
10:24:52        all      5,00      0,00      1,50      0,00      0,00     93,50
10:24:54        all      1,00      0,00      0,50      0,00      0,00     98,50
10:24:56        all      4,74      0,00      2,49      0,25      0,00     92,52
10:24:58        all     41,06      0,00     47,36      0,00      0,00     11,59
10:25:00        all     41,85      0,00     57,89      0,00      0,00      0,25
10:25:02        all     44,50      0,00     55,50      0,00      0,00      0,00
10:25:04        all     44,86      0,00     55,14      0,00      0,00      0,00
10:25:06        all     50,62      0,00     49,38      0,00      0,00      0,00
10:25:08        all     49,25      0,00     50,50      0,00      0,00      0,25
10:25:10        all     46,12      0,00     53,88      0,00      0,00      0,00
10:25:12        all     46,13      0,00     52,87      0,00      0,00      1,00
10:25:14        all     48,87      0,00     50,63      0,00      0,00      0,50
10:25:16        all     47,50      0,00     52,00      0,00      0,25      0,25
10:25:18        all     47,12      0,00     52,88      0,00      0,00      0,00
10:25:20        all     49,50      0,00     50,50      0,00      0,00      0,00
10:25:22        all     46,88      0,00     52,37      0,00      0,00      0,75
10:25:24        all     45,50      0,00     53,50      0,00      0,00      1,00
10:25:26        all     17,84      0,00     16,58      0,00      0,00     65,58
10:25:28        all      4,51      0,00      1,25      0,00      0,00     94,24
10:25:30        all      1,25      0,00      0,25      0,00      0,00     98,50
10:25:32        all      4,53      0,00      1,76      0,00      0,00     93,70
10:25:34        all      5,25      0,00      1,50      0,00      0,00     93,25
10:25:36        all      5,01      0,00      1,50      0,00      0,00     93,48
10:25:38        all      4,76      0,00      2,01      0,00      0,00     93,23
10:25:40        all      5,50      0,00      1,50      0,00      0,00     93,00
10:25:42        all      5,01      0,00      2,01      0,00      0,00     92,98
10:25:44        all      5,03      0,00      1,51      0,25      0,00     93,22
10:25:46        all     29,07      0,00     33,83      0,00      0,00     37,09
10:25:48        all     45,00      0,00     54,75      0,00      0,25      0,00
10:25:50        all     45,50      0,00     54,50      0,00      0,00      0,00
10:25:52        all     44,50      0,00     55,50      0,00      0,00      0,00
10:25:54        all     47,47      0,00     51,52      0,00      0,00      1,01
10:25:56        all     46,38      0,00     52,62      0,00      0,00      1,00
10:25:58        all     44,11      0,00     55,64      0,00      0,00      0,25
10:26:00        all     43,00      0,00     56,50      0,00      0,00      0,50
10:26:02        all     47,00      0,00     52,75      0,00      0,00      0,25
10:26:04        all     43,14      0,00     56,11      0,00      0,00      0,75
10:26:06        all     47,87      0,00     51,88      0,00      0,00      0,25
10:26:08        all     46,38      0,00     52,12      0,00      0,00      1,50
10:26:10        all     48,12      0,00     50,63      0,00      0,00      1,25
10:26:12        all     42,96      0,00     55,28      0,00      0,25      1,51
10:26:14        all      5,50      0,00      1,75      0,00      0,00     92,75
10:26:16        all      5,28      0,00      1,76      0,00      0,00     92,96
10:26:18        all      5,25      0,00      1,25      0,00      0,00     93,50
10:26:20        all      5,03      0,00      1,51      0,25      0,25     92,96
10:26:22        all      5,51      0,00      1,25      0,00      0,00     93,23
10:26:24        all      5,76      0,00      0,75      0,00      0,00     93,48
10:26:26        all      5,01      0,00      2,01      0,00      0,00     92,98
10:26:28        all      2,51      0,00      0,00      0,00      0,00     97,49
10:26:30        all      3,01      0,00      0,50      0,00      0,00     96,49
10:26:32        all      5,01      0,00      1,50      0,00      0,00     93,48
10:26:34        all      6,27      0,00      1,25      0,00      0,00     92,48
10:26:36        all      5,76      0,00      1,25      0,00      0,00     92,98
10:26:38        all      4,49      0,00      2,00      0,25      0,00     93,27
10:26:40        all      5,78      0,00      1,76      0,00      0,00     92,46
10:26:42        all      4,25      0,00      1,75      0,00      0,00     94,00
10:26:44        all      6,28      0,00      2,51      0,00      0,00     91,21
10:26:46        all      0,50      0,00      0,25      0,00      0,00     99,25
10:26:48        all      5,76      0,00      2,01      0,00      0,00     92,23
10:26:50        all      5,50      0,00      1,50      0,00      0,00     93,00
10:26:52        all      4,99      0,00      2,24      0,00      0,00     92,77
10:26:54        all      5,51      0,00      1,50      0,00      0,00     92,98
10:26:56        all      5,75      0,00      2,75      0,00      0,00     91,50
10:26:58        all      4,76      0,00      2,01      0,00      0,00     93,23
10:27:00        all      5,25      0,00      2,00      0,00      0,00     92,75
10:27:02        all      4,02      0,00      1,26      0,00      0,00     94,72
10:27:04        all      1,50      0,00      0,75      0,00      0,00     97,75
10:27:06        all      5,24      0,00      2,49      0,00      0,00     92,27

Media:          all     14,57      0,00     18,65      0,02      0,02     66,74
